RFB=1k, R_calibrazione = 10k, f=19kHz
Baseline 10606.60,10000.00,10000.00,9632.42,9632.42,10056.02,9086.74,10606.60,8808.30,9632.42,9632.42,10000.00,9632.42,10000.00,11103.50,9086.74,8808.30,7851.36,10000.00,9632.42,10000.00,10000.00,9214.43,9086.74,11103.50,8485.28,9632.42,10000.00,9086.74,9086.74,8808.30,11103.50,8320.50,9086.74,9632.42,10606.60,10000.00,11766.97,10000.00,9632.42
Penna dritta 10137.94,11014.15,9330.53,10000.00,10000.00,11014.15,10000.00,11929.28,11014.15,10000.00,11014.15,10000.00,11014.15,11014.15,10137.94,11014.15,10000.00,11014.15,12165.53,11014.15,11014.15,10137.94,12165.53,10000.00,12165.53,10000.00,11014.15,10137.94,10000.00,10000.00,10000.00,11014.15,10137.94,10000.00,11014.15,11014.15,11014.15,10000.00,10137.94,11014.15
//Penna inclinata: 10000.00,10000.00,11103.50,10000.00,10606.60,10056.02,10000.00,9632.42,8808.30,9632.42,8808.30,8808.30,9632.42,10000.00,11103.50,10000.00,9086.74,10000.00,11103.50,9302.61,11103.50,10606.60,11103.50,10000.00,9632.42,11504.48,11103.50,10606.60,9632.42,11103.50,10606.60,9632.42,10606.60,10000.00,8320.50,9632.42,10000.00,10000.00,9632.42,9214.43
//Penna inclinata (meno acqua): 9118.45,9617.69,9617.69,9118.45,10669.87,9617.69,11295.41,9617.69,9617.69,10000.00,10669.87,10669.87,10000.00,9617.69,10669.87,10000.00,10000.00,10000.00,10669.87,10669.87,10000.00,11014.15,10669.87,10669.87,10000.00,11014.15,10000.00,11929.28,10000.00,10000.00,9330.53,10000.00,10137.94,10137.94,11929.28,10000.00,10669.87,10000.00,10669.87,9617.69
Contenitore alcool 11014.15,11014.15,11014.15,11014.15,11014.15,11014.15,11014.15,11014.15,10000.00,10000.00,10000.00,10000.00,10669.87,10000.00,12165.53,10000.00,10137.94,10000.00,11014.15,11014.15,11014.15,10669.87,11929.28,11014.15,11014.15,10000.00,10000.00,10669.87,11014.15,11929.28,10137.94,11014.15,10669.87,10000.00,11014.15,11014.15,11014.15,11014.15,9330.53,11014.15



barattolo vetro (19kHz)
baseline 10864.29,10864.29,10864.29,9863.94,9863.94,9863.94,9203.58,10864.29,9863.94,9863.94,9863.94,9486.83,11766.97,10524.70,8994.38,10524.70,8994.38,9863.94,9863.94,11766.97,9863.94,9863.94,10864.29,9863.94,11766.97,10864.29,10864.29,9863.94,11766.97,9863.94,9486.83,9863.94,10864.29,11766.97,11766.97,10524.70,9863.94,9863.94,8994.38,9863.94
pennarello storto1 11766.97,9863.94,10864.29,10864.29,9863.94,10864.29,9863.94,9863.94,11766.97,10864.29,9863.94,9863.94,10524.70,10524.70,10524.70,11766.97,9863.94,9863.94,10864.29,10864.29,9863.94,9863.94,10864.29,10864.29,9863.94,10000.00,9863.94,10524.70,9863.94,9203.58,9863.94,9863.94,9203.58,11766.97,9863.94,10864.29,10524.70,9863.94,10864.29,9863.94
pennarello storto2 9863.94,10864.29,9863.94,8994.38,8994.38,9863.94,9863.94,10864.29,10524.70,9863.94,10524.70,9863.94,11766.97,11766.97,9863.94,9863.94,9863.94,9863.94,9863.94,10864.29,9863.94,10524.70,10864.29,11766.97,10864.29,11766.97,9863.94,9863.94,9863.94,10524.70,11766.97,9863.94,10864.29,10864.29,8994.38,8994.38,9863.94,9863.94,10524.70,10524.70
pennarello dritto1 (con scotch) 11766.97,12000.00,10864.29,10524.70,9863.94,11766.97,11766.97,8994.38,9863.94,9863.94,9863.94,8994.38,10864.29,10524.70,9863.94,10524.70,10864.29,9863.94,9863.94,9863.94,9863.94,9486.83,11766.97,9863.94,9863.94,9863.94,11766.97,9203.58,10524.70,9863.94,10000.00,10524.70,11766.97,9863.94,9863.94,9863.94,10000.00,11766.97,10864.29,9863.94
pennarello dritto2 (con scotch) 11766.97,10000.00,9203.58,10864.29,9863.94,9863.94,9863.94,10524.70,9863.94,9863.94,9863.94,8994.38,8994.38,11766.97,10864.29,9203.58,10524.70,9863.94,8994.38,10864.29,10524.70,9863.94,10864.29,9863.94,10864.29,10524.70,10864.29,10524.70,10524.70,10864.29,11766.97,9863.94,10864.29,9863.94,10524.70,10864.29,9863.94,10864.29,10864.29,11766.97
pennarello dritto1 decentrato 10864.29,10864.29,11766.97,9863.94,9863.94,9863.94,10864.29,10864.29,9863.94,9863.94,11766.97,9863.94,9863.94,10864.29,10864.29,10864.29,10524.70,8994.38,9863.94,10524.70,11766.97,9863.94,10864.29,8994.38,9203.58,9863.94,9203.58,10524.70,9863.94,9863.94,10864.29,10864.29,9863.94,9863.94,9863.94,9863.94,10864.29,10864.29,10524.70,9863.94
due pennarelli 9863.94,10864.29,10864.29,12000.00,10864.29,9863.94,11766.97,10524.70,10524.70,9863.94,10864.29,9863.94,9863.94,9863.94,9863.94,9863.94,9863.94,9203.58,10864.29,10864.29,10864.29,10864.29,12000.00,10864.29,9863.94,9863.94,10864.29,9863.94,9863.94,10864.29,9863.94,9203.58,8994.38,9863.94,9863.94,10864.29,10864.29,11766.97,10524.70,9863.94
due pennarelli (mano) 10864.29,9863.94,9863.94,9863.94,10524.70,8994.38,10864.29,9863.94,9863.94,9863.94,9863.94,9863.94,13251.78,10864.29,9863.94,9863.94,9863.94,9863.94,10864.29,10864.29,9863.94,9863.94,9203.58,10864.29,12000.00,11766.97,10864.29,9863.94,11766.97,9863.94,9863.94,9863.94,9863.94,10000.00,9863.94,9203.58,9863.94,9863.94,9863.94,10524.70 

RFB=1k, R_calibrazione = 10k, f=100kHz
baseline 10867.54,10867.54,9686.88,9686.88,10000.00,9686.88,9686.88,10000.00,9253.38,9686.88,10000.00,9686.88,9686.88,9686.88,9003.62,9686.88,9686.88,9686.88,9686.88,9686.88,9686.88,9686.88,10469.00,10469.00,9341.37,10000.00,10000.00,9003.62,9686.88,9003.62,9003.62,9003.62,9003.62,9003.62,10469.00,9686.88,10469.00,9003.62,8724.17,9341.37
bottiglia alcool 9686.88,10867.54,10867.54,10469.00,9686.88,10469.00,10000.00,9253.38,9686.88,9686.88,10000.00,9686.88,9341.37,9253.38,10867.54,10000.00,10000.00,9686.88,9686.88,9003.62,10867.54,9253.38,10867.54,10000.00,10469.00,9686.88,10000.00,10469.00,10000.00,9686.88,9686.88,10469.00,9686.88,9686.88,9686.88,10469.00,10000.00,10000.00,10000.00,9686.88
pennarello storto 9003.62,10469.00,10000.00,10469.00,10000.00,11368.61,10000.00,9686.88,9253.38,10469.00,10469.00,9686.88,9686.88,10000.00,9003.62,10000.00,9003.62,10867.54,10867.54,10469.00,9686.88,10867.54,10867.54,9686.88,10000.00,10000.00,10469.00,10469.00,10469.00,10469.00,10867.54,9686.88,9686.88,10469.00,10469.00,9686.88,10867.54,10867.54,9686.88,10867.54
pennarello storto (90°) 10000.00,9253.38,10867.54,10469.00,10469.00,9686.88,10867.54,10469.00,9686.88,10000.00,9686.88,10469.00,9253.38,10000.00,10000.00,9686.88,9686.88,9003.62,10000.00,9686.88,9686.88,9686.88,10000.00,10000.00,9686.88,9686.88,10469.00,9686.88,9686.88,10000.00,10867.54,10000.00,10469.00,9003.62,10867.54,10469.00,10000.00,10000.00,10867.54,8724.17
pennarello storto (180°) 10469.00,10867.54,10469.00,9686.88,9686.88,10469.00,9686.88,10000.00,10000.00,9253.38,9253.38,10469.00,9686.88,10867.54,10469.00,10000.00,9686.88,9253.38,9686.88,9686.88,9341.37,10867.54,10867.54,9686.88,10000.00,9686.88,10867.54,10469.00,10000.00,9686.88,9003.62,9686.88,9686.88,10469.00,9003.62,9686.88,10000.00,10469.00,9686.88,10000.00
pennarello storto (270°) 10000.00,9686.88,10000.00,10000.00,10469.00,9253.38,9686.88,9686.88,9686.88,10000.00,10000.00,9686.88,10000.00,10000.00,10000.00,9686.88,9686.88,10000.00,9686.88,10867.54,10000.00,9686.88,10867.54,9686.88,9253.38,10000.00,10867.54,10000.00,9686.88,9253.38,10469.00,9686.88,10000.00,9686.88,9686.88,10000.00,10000.00,10469.00,10000.00,10000.00

rotazione pennarello 1
9253.38,10867.54,10867.54,10867.54,10867.54,10867.54,11368.61,10000.00,10867.54,10867.54,10000.00,10000.00,9686.88,10867.54,10867.54,9686.88,9686.88,10000.00,9686.88,10000.00,10000.00,10000.00,10469.00,10000.00,10469.00,10469.00,10469.00,9686.88,10867.54,9686.88,10867.54,9253.38,9686.88,10469.00,10000.00,10000.00,10867.54,10469.00,10000.00,10469.00
10469.00,10000.00,10867.54,10000.00,10000.00,10867.54,10469.00,10000.00,10867.54,10469.00,10000.00,9686.88,9686.88,9686.88,10867.54,10867.54,10867.54,10000.00,10000.00,10000.00,10867.54,10469.00,10469.00,10867.54,10000.00,10000.00,9686.88,9686.88,10469.00,9686.88,10469.00,10469.00,10469.00,10000.00,10867.54,10469.00,10469.00,10469.00,9341.37,10867.54
10000.00,10469.00,10469.00,10000.00,10469.00,9686.88,10469.00,10000.00,10867.54,10469.00,10469.00,10469.00,10469.00,9686.88,10265.70,10000.00,10000.00,9003.62,10867.54,9686.88,9341.37,9686.88,10867.54,10000.00,10867.54,10469.00,10469.00,11884.32,10469.00,9686.88,10867.54,9686.88,10000.00,10000.00,10000.00,10867.54,10469.00,9686.88,10000.00,9686.88
10469.00,10867.54,10000.00,10469.00,10867.54,9686.88,9686.88,10000.00,10867.54,10469.00,10867.54,10000.00,10867.54,10000.00,10469.00,9686.88,9686.88,10867.54,10867.54,10000.00,10000.00,10000.00,10000.00,10867.54,10469.00,9686.88,10867.54,10469.00,10000.00,10000.00,10867.54,10469.00,10000.00,10000.00,9686.88,10867.54,10867.54,10867.54,10469.00,10469.00

rotazione pennarello 2
11368.61,10469.00,10867.54,10469.00,10000.00,10000.00,10867.54,10867.54,10000.00,10867.54,10469.00,9686.88,9686.88,10867.54,10000.00,9686.88,9686.88,10469.00,10469.00,10867.54,9686.88,10469.00,10867.54,10867.54,10867.54,10000.00,10469.00,10469.00,9686.88,9686.88,10867.54,10469.00,9686.88,9686.88,9686.88,10469.00,10000.00,10469.00,10867.54,10000.00
10867.54,10867.54,10867.54,10867.54,10867.54,10867.54,10867.54,10469.00,10000.00,10000.00,10867.54,10469.00,9686.88,10469.00,10867.54,10469.00,10469.00,10000.00,10867.54,10000.00,10469.00,10867.54,10867.54,9686.88,10867.54,10000.00,10867.54,10469.00,10867.54,10000.00,10000.00,10000.00,10000.00,10469.00,10469.00,10000.00,10000.00,9686.88,10469.00,10867.54
10000.00,10469.00,10867.54,9686.88,10000.00,10469.00,10000.00,10867.54,10000.00,10000.00,9686.88,10867.54,9686.88,10469.00,10000.00,10000.00,10000.00,10469.00,10000.00,10867.54,9253.38,10469.00,10469.00,9686.88,10265.70,9686.88,9686.88,10469.00,10000.00,9686.88,10469.00,9686.88,10867.54,10000.00,10469.00,10000.00,10469.00,10867.54,10867.54,10469.00
10867.54,10867.54,10469.00,10867.54,10000.00,10000.00,11884.32,10867.54,9686.88,10000.00,10867.54,9686.88,9686.88,10469.00,10469.00,10469.00,10000.00,9686.88,10469.00,9686.88,10000.00,10000.00,10000.00,10469.00,10000.00,10000.00,9686.88,10000.00,9686.88,9686.88,10469.00,10000.00,10469.00,9686.88,10000.00,10867.54,9686.88,10469.00,10469.00,9686.88

rotazione pennarello 3
baseline 10867.54,10469.00,10867.54,10469.00,10867.54,9686.88,10469.00,10867.54,9686.88,10469.00,9003.62,10469.00,10867.54,10000.00,11368.61,10469.00,10469.00,10000.00,10469.00,10469.00,10000.00,10867.54,10000.00,10867.54,10867.54,9686.88,10469.00,10000.00,10469.00,9686.88,10469.00,9686.88,10469.00,9686.88,9686.88,10867.54,10000.00,10867.54,9686.88,10469.00
10000.00,10867.54,10000.00,9686.88,10469.00,10867.54,10469.00,10469.00,10867.54,10867.54,10469.00,10000.00,10000.00,9686.88,10469.00,10000.00,9686.88,10000.00,10867.54,10867.54,9253.38,10000.00,10000.00,10469.00,9686.88,10469.00,10469.00,10469.00,9686.88,9253.38,9686.88,10000.00,9686.88,9686.88,9686.88,10469.00,10867.54,10867.54,10867.54,10867.54
10469.00,10469.00,10867.54,9686.88,10000.00,10000.00,10000.00,10469.00,9686.88,9686.88,10000.00,10000.00,10867.54,10000.00,10867.54,10867.54,9686.88,10000.00,10867.54,10000.00,10000.00,10000.00,10867.54,9686.88,10469.00,9686.88,10000.00,9686.88,10469.00,9686.88,10867.54,10000.00,10867.54,9686.88,10469.00,10000.00,10000.00,10000.00,10867.54,9686.88
10469.00,10867.54,11368.61,10469.00,10469.00,10867.54,10000.00,10469.00,10469.00,10469.00,9253.38,9253.38,10000.00,10469.00,11884.32,10469.00,10469.00,10000.00,10469.00,10469.00,9686.88,10000.00,10867.54,9253.38,10469.00,10000.00,10867.54,10469.00,10469.00,10867.54,10867.54,10469.00,10000.00,9686.88,9686.88,10000.00,9253.38,10000.00,9686.88,10867.54
10867.54,10867.54,10867.54,10867.54,9686.88,9686.88,9686.88,10469.00,10000.00,10469.00,10000.00,10000.00,10867.54,10867.54,10469.00,9686.88,10000.00,9686.88,10469.00,10469.00,10000.00,9686.88,10000.00,10867.54,10000.00,10000.00,10469.00,10469.00,9686.88,9253.38,10867.54,10469.00,9686.88,9686.88,10469.00,10469.00,9686.88,10000.00,9686.88,9686.88

10469.00,10469.00,10469.00,10469.00,10469.00,10469.00,10469.00,10469.00,10469.00,10000.00,10469.00,10469.00,9686.88,10867.54,9686.88,10469.00,10469.00,10469.00,10469.00,9686.88,10000.00,10469.00,10469.00,10000.00,10000.00,10000.00,10867.54,10000.00,10000.00,10000.00,9686.88,9686.88,9686.88,9686.88,9686.88,9686.88,10867.54,10000.00,9686.88,10867.54
