contenitore cilindrico grande plastica
acqua e sale
bottiglia alcool al centro
b: 550.00,550.00,553.76,555.26,544.83,556.72,551.42,555.26,562.13,550.00,560.63,559.08,556.72,550.00,548.54,556.72,555.26,556.72,548.54,560.63,556.72,563.58,555.26,555.26,555.26,560.63,551.42,556.72,555.26,562.13,553.76,556.72,548.54,551.42,556.72,555.26,560.63,556.72,555.26,562.13,
548.54,556.72,553.76,555.26,550.00,555.26,551.42,553.76,555.26,560.63,555.26,553.76,555.26,555.26,548.54,555.26,556.72,556.72,555.26,560.63,544.83,560.63,550.00,560.63,559.08,562.13,555.26,556.72,560.63,560.63,560.63,551.42,562.13,550.00,553.76,555.26,562.13,558.13,555.26,566.09,
548.54,546.21,548.54,560.63,543.41,560.63,548.54,555.26,555.26,555.26,560.63,562.13,548.54,551.42,550.00,551.42,551.42,556.72,555.26,555.26,555.26,550.00,550.00,555.26,560.63,562.13,550.00,556.72,555.26,560.63,555.26,550.00,551.42,555.26,556.72,544.83,553.76,556.72,560.63,555.26,
550.00,550.00,550.00,550.00,544.83,559.08,555.26,555.26,555.26,555.26,556.72,560.63,556.72,555.26,555.26,556.72,551.42,558.13,550.00,562.13,550.00,556.72,550.00,555.26,556.72,551.42,555.26,555.26,550.00,555.26,556.72,551.42,551.42,550.00,555.26,555.26,551.42,562.13,556.72,555.26,
550.00,555.26,553.76,550.00,546.21,555.26,556.72,555.26,553.76,556.72,560.63,556.72,550.00,555.26,550.00,555.26,555.26,558.13,548.54,555.26,553.76,562.13,548.54,555.26,562.13,563.58,556.72,563.58,556.72,556.72,550.00,556.72,548.54,548.54,560.63,556.72,550.00,560.63,563.58,550.00,

opposite
b: 562.13,550.00,560.63,553.76,573.24,573.24,571.65,555.26,574.79,555.26,550.00,562.13,560.63,559.08,570.02,564.50,551.42,556.72,550.00,562.13,566.09,567.63,571.65,566.09,567.63,555.26,562.13,566.09,567.63,564.50,570.02,559.08
544.83,548.54,556.72,560.63,574.79,560.63,577.33,560.63,563.58,556.72,550.00,567.63,570.02,564.50,564.50,566.09,556.72,560.63,555.26,555.26,566.09,571.65,571.65,578.96,569.13,551.42,563.58,564.50,566.09,559.08,559.08,564.50
548.54,551.42,547.04,553.76,567.63,578.96,573.24,560.63,567.63,563.58,556.72,567.63,570.02,562.87,560.63,564.50,560.63,560.63,550.00,560.63,570.02,574.79,571.65,573.24,571.65,550.00,562.13,571.65,567.63,560.63,566.09,560.63
555.26,548.54,555.26,560.63,571.65,573.24,573.24,559.08,567.63,556.72,551.42,567.63,566.09,566.09,559.08,567.63,551.42,559.08,562.13,556.72,570.02,571.65,571.65,570.02,573.24,556.72,563.58,566.09,573.24,559.08,564.50,570.02
550.00,550.00,555.26,560.63,569.13,573.24,566.09,560.63,573.24,563.58,550.00,569.13,566.09,566.09,559.08,564.50,556.72,550.00,555.26,562.13,566.09,567.63,564.50,567.63,567.63,555.26,562.13,566.09,567.63,564.50,564.50,571.65

b: 548.51,544.79,544.79,550.00,562.25,563.74,567.81,556.80,562.25,550.00,544.79,558.24,575.05,566.23,566.23,571.85,555.31,544.79,544.79,551.44,556.80,570.82,569.34,562.25,556.80,538.26,555.31,569.34,556.80,559.15,559.15,567.81,
538.26,544.79,556.80,550.00,563.74,563.74,573.47,556.80,558.24,550.00,543.34,552.84,562.25,566.23,566.23,573.47,550.00,548.51,544.79,555.31,567.81,566.23,573.47,556.80,562.25,544.79,555.31,566.23,556.80,559.15,559.15,560.72,
544.79,544.79,548.51,552.84,556.80,560.72,567.81,548.51,555.31,551.44,544.79,546.19,566.23,560.72,564.61,559.15,556.80,550.00,551.44,553.78,562.25,556.80,562.25,556.80,563.74,544.79,555.31,569.34,556.80,566.23,566.23,562.25,
544.79,548.51,550.00,544.79,560.72,562.25,562.25,544.79,562.25,558.24,544.79,558.24,575.05,562.25,564.61,566.23,550.00,555.31,550.00,550.00,569.34,560.72,569.34,556.80,556.80,550.00,558.24,567.81,558.24,560.72,559.15,569.34,
544.79,544.79,550.00,556.80,556.80,566.23,566.23,550.00,563.74,546.19,550.00,563.74,560.72,567.81,559.15,567.81,551.44,550.00,550.00,560.72,567.81,563.74,567.81,562.25,563.74,544.79,558.24,560.72,556.80,559.15,564.61,566.23,

bottiglia vicino 3-4
543.34,543.34,550.00,543.34,562.25,573.47,575.05,556.80,563.74,544.79,544.79,551.44,562.25,564.61,559.15,570.18,551.44,550.00,550.00,544.79,567.81,566.23,571.85,562.25,562.25,550.00,555.31,569.34,559.63,562.25,560.72,566.23,
544.79,543.34,550.00,550.00,556.80,562.25,556.80,548.51,560.72,556.80,550.00,551.44,560.72,560.72,566.23,566.23,550.00,543.34,539.67,552.21,556.80,563.74,560.72,560.72,563.74,544.79,550.00,560.72,555.31,560.72,559.15,562.25,
543.34,544.79,556.80,551.44,563.74,569.34,566.23,548.51,563.74,550.00,544.79,550.00,566.23,559.15,560.72,567.81,556.80,551.44,550.00,550.00,562.25,556.80,569.34,562.25,566.23,544.79,555.31,566.23,556.80,559.15,559.15,560.72,
548.51,544.79,548.51,544.79,558.24,562.25,560.72,556.80,562.25,555.31,550.00,552.84,560.72,562.25,564.61,566.23,550.00,544.79,551.44,546.99,560.72,560.72,560.72,567.81,562.25,539.67,547.55,560.72,556.80,564.61,559.15,559.15,

gain INA=10 (5.6k), PGA=5
bottiglia al centro
b: 537.89,540.73,546.05,537.89,539.33,531.31,537.89,526.30,534.89,526.30,531.31,532.75,542.08,527.70,539.33,522.74,531.31,532.75,550.00,532.75,546.05,527.70,544.62,527.70,536.41,534.15,540.73,534.15,532.75,532.75,544.62,529.06,531.31,550.00,539.33,529.06,526.30,526.30,536.41,527.70,
544.62,546.05,550.00,537.89,539.33,532.75,536.41,534.15,532.75,524.06,532.75,532.75,543.13,527.70,540.73,527.70,526.30,539.33,539.33,532.75,544.62,532.75,544.62,537.89,531.31,524.06,537.89,534.15,534.15,532.75,543.13,526.30,529.83,550.00,546.05,527.70,536.41,532.75,532.75,527.70,
544.62,537.89,544.62,537.89,536.41,531.31,537.89,527.70,531.31,531.31,534.89,529.06,539.33,526.30,546.05,534.15,532.75,532.75,534.15,537.89,537.89,534.15,543.13,534.15,532.75,534.15,537.89,532.75,527.70,527.70,544.62,526.30,531.31,551.48,543.13,531.31,526.30,531.31,527.70,524.86,
543.13,544.62,551.48,543.13,543.13,532.75,532.75,527.70,531.31,526.30,532.75,531.31,544.62,534.15,551.48,532.75,532.75,532.75,548.47,537.89,540.73,532.75,540.73,532.75,531.31,532.75,537.89,534.15,532.75,527.70,536.41,527.70,537.89,544.62,544.62,527.70,532.75,534.15,529.83,527.70,
546.05,543.13,550.00,537.89,537.89,532.75,546.05,527.70,536.41,527.70,536.41,532.75,543.13,529.06,544.62,532.75,532.75,527.70,539.33,529.06,537.89,531.31,543.13,532.75,531.31,527.70,539.33,534.15,527.70,532.75,532.75,527.70,532.75,550.00,544.62,527.70,527.70,526.30,536.41,526.30,

opposite
b: 562.38,562.38,562.38,551.47,544.74,544.74,544.74,556.87,555.36,551.47,563.89,544.74,551.47,573.71,539.58,550.00,546.93,553.80,562.38,550.00,550.00,546.17,544.74,539.58,538.14,551.47,544.74,543.27,543.27,544.74,573.71,567.99,
567.99,558.34,556.87,556.87,544.74,550.00,543.27,563.89,550.00,562.38,558.34,544.74,567.99,560.82,543.27,551.47,548.49,556.87,555.36,555.36,555.36,546.17,546.17,544.74,543.27,556.87,550.00,556.87,550.00,538.14,573.71,572.05,
562.38,562.38,567.99,552.90,539.58,546.17,544.74,563.89,543.27,556.87,563.89,544.74,558.34,560.82,538.14,555.36,556.87,556.87,556.87,548.49,550.00,540.96,544.74,544.74,541.76,562.38,550.00,553.80,550.00,539.58,567.99,566.38,
562.38,558.34,563.89,551.47,546.17,539.58,539.58,555.36,551.47,551.47,558.34,544.74,573.71,567.99,544.74,556.87,555.36,560.82,562.38,556.87,556.87,544.74,539.58,539.58,539.58,563.89,551.47,550.00,550.00,539.58,566.38,560.82,
567.99,563.89,569.55,552.90,548.49,555.36,543.27,562.38,555.36,556.87,565.36,555.36,573.71,567.99,562.38,562.38,558.34,563.89,562.38,555.36,569.55,544.74,544.74,543.27,548.49,563.89,555.36,562.38,556.87,556.87,567.99,562.38,

dito gaia centro
b: 544.66,555.44,550.00,543.21,544.66,531.50,543.21,532.91,527.91,538.02,538.02,539.43,541.72,534.29,550.00,536.56,538.02,543.21,543.21,544.66,532.91,538.02,544.66,532.91,534.29,538.02,538.02,550.00,531.50,550.00,541.72,538.02,532.91,532.91,532.91,538.02,532.91,538.02,531.50,538.02,
548.50,544.66,550.00,543.21,543.21,539.43,544.66,544.66,538.02,539.43,532.91,532.91,538.02,538.02,551.45,536.56,531.50,538.02,546.96,541.72,538.02,544.66,551.45,543.21,538.02,544.66,543.21,550.00,544.66,543.21,539.43,544.66,527.91,532.91,530.05,539.43,538.02,534.29,532.91,538.02,
550.00,555.44,556.93,538.02,546.96,543.21,543.21,539.43,532.91,539.43,538.02,538.02,543.21,538.02,546.07,544.66,538.02,538.02,541.72,543.21,534.29,531.50,548.50,532.91,532.91,544.66,531.50,550.00,550.00,550.00,538.02,539.43,539.43,536.56,531.50,543.21,532.91,539.43,538.02,544.66,
550.00,548.50,543.21,538.02,548.50,539.43,541.72,540.80,538.02,536.56,532.91,532.91,541.72,543.21,544.66,532.91,539.43,539.43,544.66,544.66,541.72,538.02,550.00,539.43,538.02,539.43,538.02,550.00,543.21,539.43,538.02,539.43,538.02,531.50,536.56,538.02,538.02,538.02,531.50,544.66,
550.00,543.21,551.45,538.02,543.21,532.91,544.66,543.21,532.91,536.56,538.02,532.91,526.53,538.02,550.00,538.02,532.91,544.66,550.00,543.21,530.05,539.43,548.50,534.29,534.29,543.21,538.02,550.00,543.21,543.21,536.56,538.02,544.66,538.02,536.56,534.29,538.02,539.43,541.72,544.66,

dito gaia vicino 1
543.21,541.72,544.66,541.72,541.72,538.02,538.02,544.66,532.91,538.02,539.43,534.29,538.02,538.02,544.66,532.91,538.02,539.43,550.00,536.56,532.91,538.02,548.50,531.50,534.29,543.21,536.56,544.66,534.29,538.02,536.56,550.00,539.43,526.53,531.50,538.02,539.43,544.66,538.02,538.02,
555.44,544.66,555.44,543.21,541.72,531.50,541.72,538.02,532.91,538.02,536.56,539.43,527.91,538.02,546.07,536.56,544.66,546.07,543.21,539.43,531.50,531.50,543.21,539.43,526.53,536.56,538.02,544.66,539.43,544.66,538.02,543.21,532.91,527.91,531.50,539.43,539.43,538.02,538.02,539.43,
548.50,548.50,555.44,536.56,544.66,538.02,538.02,543.21,531.50,536.56,532.91,527.91,531.50,538.02,544.66,539.43,532.91,540.80,548.50,538.02,531.50,534.29,551.45,532.91,538.02,544.66,536.56,538.02,544.66,543.21,536.56,543.21,532.91,538.02,538.02,544.66,538.02,544.66,543.21,539.43,
548.50,543.21,544.66,539.43,543.21,538.02,539.43,538.02,532.91,532.91,532.91,532.91,532.91,538.02,548.50,532.91,527.91,550.00,551.45,543.21,532.91,544.66,551.45,532.91,532.91,544.66,531.50,548.50,538.02,538.02,536.56,532.91,538.02,532.91,536.56,544.66,532.91,539.43,539.43,532.91,

3 dita gaia centro
b: 548.58,541.88,548.58,540.42,536.75,548.58,536.75,548.58,543.31,547.12,536.75,541.88,536.75,547.12,547.12,552.45,541.88,540.42,547.12,547.12,541.88,536.75,547.12,548.58,541.88,547.12,535.32,541.88,548.58,548.58,541.88,543.31,541.88,541.88,536.75,547.12,543.31,536.75,547.12,541.88,
550.90,544.06,555.42,541.88,541.88,547.12,535.32,543.31,541.88,547.12,543.31,548.58,541.88,543.31,552.45,540.42,544.68,541.88,543.31,544.06,541.88,545.61,555.42,552.45,547.12,552.45,545.61,548.58,543.31,547.12,541.88,547.12,547.12,538.13,533.04,550.90,540.42,545.61,535.32,547.12,
548.58,547.12,548.58,536.75,541.88,541.88,538.13,541.88,543.31,553.95,541.88,541.88,536.75,547.12,552.45,541.88,543.31,540.42,557.88,541.88,541.88,547.12,552.45,547.12,536.75,543.31,541.88,541.88,547.12,547.12,538.13,540.42,543.31,535.32,541.88,540.42,547.12,543.31,536.75,541.88,
553.95,547.12,547.12,536.75,536.75,541.88,531.70,545.61,541.88,543.31,538.13,541.88,541.88,543.31,555.42,541.88,541.88,543.31,547.12,547.12,541.88,547.12,552.45,543.31,543.31,552.45,536.75,543.31,547.12,541.88,535.32,541.88,540.42,541.88,541.88,538.13,543.31,545.61,536.75,547.12,
553.95,543.31,548.58,541.88,547.12,541.88,535.32,543.31,541.88,547.12,536.75,541.88,536.75,536.75,552.45,541.88,541.88,541.88,548.58,545.61,536.75,541.88,548.58,541.88,548.58,540.42,536.75,541.88,541.88,541.88,535.32,543.31,541.88,541.88,536.75,547.12,547.12,552.45,536.75,543.31,
553.95,541.88,541.88,543.31,548.58,540.42,536.75,547.12,541.88,541.88,543.31,547.12,541.88,547.12,552.45,541.88,548.58,545.61,548.58,545.61,536.75,547.12,552.45,543.31,543.31,547.12,536.75,543.31,540.42,547.12,538.13,538.13,543.31,536.75,536.75,541.88,547.12,540.42,541.88,552.45,
553.95,545.61,548.58,535.32,547.12,543.31,545.61,541.88,541.88,543.31,543.31,541.88,538.13,547.12,555.42,543.31,541.88,541.88,548.58,541.88,538.13,547.12,557.88,547.12,547.12,548.58,541.88,547.12,541.88,547.12,538.13,543.31,541.88,541.88,541.88,547.12,536.75,547.12,541.88,540.42,
548.58,541.88,547.12,538.13,541.88,541.88,540.42,543.31,543.31,548.58,538.13,544.68,531.70,547.12,547.12,547.12,540.42,540.42,547.12,543.31,540.42,535.32,552.45,547.12,541.88,547.12,540.42,550.90,548.58,547.12,540.42,552.45,541.88,538.13,536.75,547.12,541.88,541.88,538.13,545.61,
552.45,545.61,548.58,538.13,547.12,540.42,543.31,550.90,544.68,541.88,536.75,553.95,536.75,547.12,547.12,547.12,541.88,543.31,550.90,547.12,541.88,547.12,553.95,541.88,543.31,540.42,536.75,550.00,540.42,547.12,535.32,547.12,543.31,543.31,533.86,543.31,541.88,548.58,536.75,547.12,
559.43,541.88,552.45,547.12,540.42,536.75,535.32,541.88,547.12,543.31,536.75,543.31,538.13,548.58,553.95,552.45,548.58,543.31,547.12,552.45,538.13,548.58,547.12,550.00,541.88,547.12,540.42,543.31,543.31,541.88,535.32,541.88,541.88,541.88,533.04,540.42,548.58,543.31,541.88,548.58,
550.00,547.12,553.95,536.75,541.88,548.58,535.32,547.12,543.31,547.12,536.75,543.31,538.13,541.88,552.45,545.61,543.31,543.31,552.45,547.12,541.88,541.88,547.12,547.12,541.88,547.12,543.31,545.61,547.12,547.12,536.75,545.61,540.42,536.75,533.04,531.70,543.31,553.95,541.88,543.31,

555.42,545.61,559.43,536.75,544.06,548.58,536.75,543.31,541.88,548.58,541.88,547.12,536.75,541.88,552.45,540.42,545.61,547.12,545.61,541.88,536.75,550.90,548.58,548.58,547.12,540.42,541.88,541.88,545.61,547.12,536.75,543.31,548.58,538.13,536.75,545.61,547.12,544.06,538.13,548.58,
545.61,543.31,548.58,531.70,541.88,535.32,541.88,547.12,541.88,547.12,545.61,547.12,536.75,536.75,548.58,541.88,541.88,541.88,552.45,548.58,531.70,550.90,552.45,541.88,541.88,547.12,541.88,541.88,547.12,548.58,541.88,543.31,545.61,541.88,536.75,547.12,543.31,541.88,541.88,543.31,
545.61,547.12,550.00,536.75,541.88,543.31,541.88,541.88,540.42,543.31,541.88,535.32,533.04,543.31,545.61,547.12,543.31,541.88,552.45,547.12,536.75,540.42,552.45,548.58,543.31,543.31,536.75,552.45,547.12,545.61,552.45,547.12,541.88,545.61,541.88,544.06,548.58,541.88,543.31,552.45,
553.95,547.12,548.58,540.42,548.58,536.75,540.42,552.45,538.13,547.12,541.88,553.95,541.88,541.88,552.45,552.45,540.42,543.31,552.45,541.88,538.13,547.12,548.58,548.58,543.31,545.61,538.13,547.12,547.12,540.42,535.32,547.12,538.13,543.31,536.75,547.12,543.31,548.58,543.31,547.12,
552.45,547.12,548.58,541.88,541.88,541.88,547.12,548.58,548.58,541.88,541.88,543.31,543.31,543.31,547.12,548.58,536.75,547.12,552.45,541.88,538.13,541.88,550.90,550.00,541.88,541.88,538.13,541.88,545.61,541.88,536.75,553.95,541.88,536.75,541.88,547.12,541.88,547.12,548.58,547.12,
548.58,536.75,560.94,536.75,540.42,544.68,541.88,547.12,541.88,543.31,541.88,548.58,536.75,540.42,557.88,540.42,541.88,548.58,550.90,545.61,543.31,541.88,555.42,547.12,544.68,547.12,535.32,541.88,536.75,548.58,541.88,541.88,543.31,538.13,531.70,548.58,547.12,540.42,541.88,547.12,
552.45,547.12,559.43,541.88,540.42,541.88,541.88,543.31,536.75,543.31,535.32,543.31,541.88,545.61,553.95,540.42,541.88,547.12,547.12,541.88,538.13,541.88,553.95,547.12,547.12,543.31,540.42,547.12,545.61,540.42,541.88,550.00,544.68,538.13,536.75,540.42,548.58,550.00,536.75,543.31,
550.00,552.45,555.42,536.75,545.61,547.12,536.75,550.90,540.42,541.88,536.75,547.12,543.31,545.61,555.42,543.31,548.58,545.61,547.12,547.12,531.70,547.12,553.95,548.58,543.31,543.31,541.88,552.45,547.12,541.88,531.70,548.58,543.31,536.75,536.75,548.58,547.12,548.58,536.75,547.12,
548.58,541.88,555.42,536.75,543.31,547.12,535.32,541.88,543.31,553.95,535.32,543.31,535.32,547.12,556.28,545.61,548.58,541.88,545.61,547.12,536.75,541.88,547.12,547.12,543.31,545.61,541.88,547.12,543.31,541.88,536.75,541.88,547.12,536.75,541.88,547.12,548.58,547.12,541.88,541.88,
552.45,548.58,547.12,540.42,547.12,541.88,540.42,543.31,541.88,547.12,543.31,541.88,536.75,547.12,557.88,547.12,547.12,547.12,547.12,547.12,543.31,552.45,552.45,543.31,536.75,545.61,540.42,552.45,548.58,548.58,541.88,552.45,536.75,538.13,536.75,543.31,543.31,547.12,540.42,547.12,

dito gaia vicino 1
b: 546.07,541.72,541.72,538.02,541.72,535.62,532.91,541.72,539.43,543.21,538.02,543.21,538.02,538.02,550.00,543.21,543.21,531.50,550.00,543.21,534.29,539.43,543.21,543.21,532.91,532.91,536.56,543.21,543.21,548.50,538.02,538.02,539.43,538.02,532.91,539.43,534.29,539.43,539.43,538.02,
550.00,541.72,548.50,532.91,541.72,532.91,538.02,539.43,534.29,532.91,532.91,538.02,534.29,539.43,543.21,539.43,538.02,536.56,543.21,539.43,538.02,539.43,546.07,532.91,539.43,541.72,532.91,538.02,539.43,538.02,532.91,538.02,538.02,534.29,526.53,544.66,539.43,541.72,532.91,539.43,
543.21,543.21,555.44,531.50,544.66,539.43,538.02,538.02,539.43,539.43,532.91,534.29,531.50,539.43,544.66,541.72,538.02,544.66,548.50,543.21,532.91,541.72,544.66,532.91,538.02,543.21,538.02,543.21,541.72,541.72,531.50,531.50,538.02,534.29,531.50,538.02,539.43,543.21,538.02,538.02,
544.66,543.21,548.50,536.56,536.56,543.21,543.21,538.02,538.02,532.91,532.91,538.02,534.29,538.02,543.21,548.50,532.91,539.43,550.00,543.21,532.91,544.66,544.66,534.29,538.02,544.66,541.72,544.66,543.21,531.50,532.91,543.21,531.50,532.91,532.91,543.21,539.43,544.66,532.91,538.02,
543.21,541.72,553.90,539.43,543.21,532.91,532.91,544.66,527.91,539.43,543.21,539.43,536.56,538.02,544.66,544.66,539.43,538.02,550.00,538.02,538.02,538.02,543.21,538.02,539.43,543.21,531.50,543.21,543.21,544.66,526.53,536.56,538.02,538.02,532.91,541.72,538.02,544.66,538.02,544.66,
543.21,543.21,548.50,541.72,541.72,532.91,536.56,544.66,534.29,538.02,538.02,532.91,532.91,538.02,548.50,532.91,539.43,544.66,543.21,538.02,538.02,539.43,543.21,539.43,538.02,543.21,538.02,544.66,539.43,543.21,532.91,544.66,538.02,538.02,532.91,539.43,538.02,544.66,532.91,541.72,
544.66,543.21,546.07,538.02,536.56,538.02,538.02,539.43,538.02,538.02,534.29,538.02,534.29,539.43,544.66,538.02,543.21,538.02,550.00,546.07,532.91,539.43,550.00,539.43,534.29,536.56,543.21,543.21,538.02,538.02,538.02,538.02,534.29,538.02,534.29,539.43,534.29,543.21,538.02,531.50,
543.21,543.21,550.00,536.56,532.91,531.50,536.56,538.02,531.50,543.21,538.02,538.02,532.91,532.91,550.00,538.02,539.43,543.21,552.31,548.50,532.91,539.43,548.50,543.21,536.56,544.66,536.56,544.66,539.43,538.02,538.02,544.66,538.02,527.91,531.50,539.43,539.43,544.66,534.29,538.02,
553.90,543.21,550.00,538.02,543.21,544.66,541.72,538.02,532.91,539.43,527.91,539.43,532.91,538.02,550.00,532.91,544.66,536.56,543.21,541.72,538.02,539.43,543.21,538.02,532.91,543.21,532.91,543.21,543.21,536.56,538.02,541.72,538.02,538.02,534.29,543.21,539.43,531.50,532.91,538.02,
550.00,541.72,548.50,536.56,543.21,532.91,532.91,538.02,538.02,543.21,538.02,532.91,531.50,538.02,544.66,536.56,539.43,538.02,543.21,538.02,532.91,544.66,550.00,543.21,531.50,539.43,538.02,538.02,543.21,538.02,538.02,536.56,534.29,532.91,534.29,539.43,538.02,532.91,531.50,543.21,

551.45,543.21,550.00,536.56,543.21,539.43,539.43,538.02,534.29,539.43,531.50,538.02,531.50,540.80,548.50,532.91,539.43,548.50,543.21,543.21,531.50,543.21,544.66,544.66,538.02,543.21,538.02,543.21,543.21,544.66,531.50,539.43,538.02,534.29,536.56,538.02,536.56,531.50,531.50,536.56,
550.00,541.72,548.50,538.02,544.66,539.43,541.72,543.21,544.66,539.43,538.02,538.02,532.91,532.91,550.00,543.21,538.02,536.56,543.21,543.21,538.02,539.43,544.66,534.29,532.91,539.43,536.56,532.91,548.50,541.72,536.56,541.72,539.43,534.29,532.91,544.66,539.43,539.43,531.50,544.66,
544.66,548.50,543.21,538.02,543.21,543.21,538.02,538.02,538.02,536.56,536.56,532.91,532.91,538.02,550.00,541.72,550.00,538.02,544.66,539.43,534.29,532.91,548.50,538.02,532.91,536.56,535.07,531.50,536.56,543.21,532.91,541.72,539.43,527.91,531.50,539.43,538.02,544.66,536.56,538.02,
539.43,538.02,551.45,534.29,538.02,532.91,538.02,538.02,532.91,538.02,536.56,538.02,536.56,532.91,544.66,541.72,539.43,543.21,548.50,543.21,531.50,532.91,543.21,543.21,532.91,543.21,543.21,548.50,536.56,546.96,531.50,536.56,532.91,538.02,535.07,539.43,538.02,538.02,539.43,536.56,
543.21,543.21,544.66,538.02,544.66,538.02,539.43,539.43,532.91,543.21,534.29,539.43,538.02,538.02,556.93,538.02,538.02,543.21,548.50,543.21,534.29,543.21,550.00,534.29,538.02,543.21,535.07,538.02,543.21,543.21,526.53,541.72,539.43,538.02,532.91,538.02,536.56,538.02,531.50,536.56,
544.66,548.50,548.50,536.56,543.21,543.21,538.02,532.91,536.56,538.02,538.02,534.29,538.02,534.29,550.00,538.02,535.62,543.21,550.00,543.21,532.91,532.91,556.93,538.02,532.91,538.02,538.02,541.72,548.50,541.72,538.02,544.66,532.91,532.91,532.91,543.21,532.91,543.21,532.91,543.21,
546.07,543.21,550.00,536.56,543.21,539.43,538.02,538.02,531.50,539.43,534.29,539.43,531.50,532.91,543.21,543.21,548.50,543.21,548.50,541.72,532.91,536.56,543.21,538.02,532.91,543.21,538.02,541.72,539.43,538.02,534.29,538.02,540.80,532.91,532.91,538.02,538.02,540.80,538.02,536.56,
550.00,543.21,544.66,538.02,538.02,532.91,538.02,539.43,532.91,532.91,536.56,534.29,531.50,544.66,550.00,538.02,539.43,538.02,543.21,538.02,532.91,531.50,553.90,538.02,534.29,548.50,532.91,536.56,534.29,541.72,541.72,534.29,534.29,534.29,532.91,539.43,531.50,544.66,534.29,538.02,
550.00,543.21,548.50,539.43,536.56,538.02,543.21,541.72,536.56,539.43,538.02,539.43,532.91,539.43,548.50,538.02,543.21,531.50,550.00,538.02,536.56,532.91,551.45,539.43,532.91,532.91,543.21,543.21,544.66,550.00,538.02,543.21,538.02,534.29,529.24,539.43,538.02,539.43,534.29,541.72,
550.00,548.50,550.00,543.21,543.21,538.02,538.02,539.43,538.02,544.66,543.21,543.21,536.56,546.07,553.90,540.18,539.43,538.02,550.00,544.66,538.02,538.02,550.00,543.21,538.02,539.43,543.21,541.72,536.56,543.21,538.02,539.43,539.43,532.91,529.24,532.91,534.29,539.43,532.91,543.21,













