baseline: 500.00,481.92,466.96,450.96,480.50,500.00,466.96,480.50,466.96,450.96,500.00,450.96,480.50,500.00,537.22,466.96,466.96,450.96,500.00,424.32,480.50,450.96,466.96,424.32,466.96,500.00,466.96,466.96,450.96,500.00,500.00,437.57,500.00,500.00,466.96,424.32,466.96,500.00,450.96,537.22,ADJACENT INJECTION PROTOCOL: 
penn1: 450.96,450.96,537.22,500.00,500.00,424.32,466.96,437.57,450.96,450.96,450.96,466.96,537.22,481.92,466.96,500.00,466.96,466.96,466.96,437.57,500.00,500.00,518.49,450.96,480.50,500.00,450.96,466.96,480.50,500.00,537.22,500.00,500.00,466.96,500.00,450.96,480.50,480.50,500.00,480.50
penn2: 500.00,480.50,466.96,424.32,466.96,466.96,450.96,424.32,450.96,400.25,424.32,434.40,437.57,424.32,500.00,424.32,466.96,424.32,466.96,424.32,466.96,400.25,466.96,400.25,424.32,466.96,500.00,424.32,424.32,466.96,437.57,437.57,466.96,500.00,500.00,411.32,400.25,437.57,450.96,424.32
penn3: 466.96,450.96,437.57,424.32,481.92,466.96,466.96,400.25,500.00,450.96,437.57,450.96,437.57,437.57,500.00,424.32,450.96,450.96,513.25,410.43,450.96,450.96,500.00,387.79,424.32,450.96,437.57,400.25,424.32,450.96,450.96,437.57,466.96,466.96,466.96,450.96,466.96,424.32,518.49,400.25
penn4: 450.96,480.50,466.96,466.96,437.57,400.25,437.57,400.25,450.96,424.32,466.96,450.96,500.00,400.25,560.36,450.96,500.00,424.32,500.00,437.57,450.96,437.57,500.00,400.25,437.57,450.96,424.32,424.32,480.50,480.50,424.32,424.32,450.96,466.96,513.25,424.32,424.32,437.57,450.96,424.32

baseline + 4 misure
500.00,434.40,500.00,450.96,424.32,424.32,424.32,424.32,437.57,410.43,450.96,424.32,480.50,424.32,466.96,424.32,480.50,424.32,466.96,400.25,450.96,424.32,466.96,400.25,437.57,450.96,424.32,378.48,400.25,411.32,466.96,400.25,400.25,500.00,437.57,424.32,424.32,424.32,450.96,424.32
518.49,518.49,500.00,466.96,560.36,518.49,500.00,466.96,500.00,518.49,466.96,466.96,518.49,518.49,500.00,500.00,450.96,500.00,518.49,466.96,500.00,537.22,518.49,500.00,466.96,500.00,518.49,466.96,518.49,560.36,480.50,500.00,518.49,537.22,500.00,518.49,537.22,500.00,560.36,500.00
537.22,537.22,500.00,481.92,500.00,537.22,537.22,518.49,500.00,500.00,500.00,560.36,500.00,500.00,500.00,513.25,481.92,500.00,537.22,518.49,500.00,537.22,518.49,500.00,500.00,537.22,518.49,500.00,518.49,518.49,500.00,518.49,466.96,500.00,500.00,481.92,500.00,500.00,500.00,500.00
518.49,518.49,560.36,560.36,500.00,560.36,500.00,518.49,500.00,560.36,537.22,518.49,518.49,500.00,500.00,537.22,466.96,518.49,518.49,500.00,500.00,537.22,500.00,500.00,500.00,518.49,500.00,518.49,537.22,466.96,500.00,537.22,560.36,500.00,500.00,518.49,500.00,518.49,560.36,500.00
500.00,560.36,481.92,500.00,500.00,560.36,537.22,537.22,560.36,537.22,481.92,560.36,518.49,518.49,560.36,518.49,537.22,500.00,518.49,466.96,500.00,500.00,537.22,560.36,500.00,500.00,518.49,537.22,560.36,500.00,500.00,560.36,500.00,518.49,500.00,500.00,537.22,500.00,500.00,537.22

Calibrazione 10k, baseline + 4 misure
18998.60,21101.08,20440.36,18408.94,20440.36,20440.36,20440.36,19711.29,20440.36,20440.36,18998.60,18998.60,18998.60,18408.94,18998.60,19711.29,18998.60,19711.29,20440.36,20440.36,17732.26,20440.36,18998.60,20440.36,20440.36,18408.94,20440.36,18998.60,18998.60,18998.60,20440.36,18998.60,19711.29,18408.94,18408.94,22090.72,20440.36,19711.29,20440.36,18408.94
20440.36,19711.29,20440.36,18998.60,21101.08,18408.94,18408.94,18408.94,20440.36,20440.36,18998.60,19711.29,18408.94,18408.94,22090.72,20440.36,19711.29,20440.36,18998.60,20440.36,18998.60,20440.36,21101.08,20440.36,20440.36,20440.36,22090.72,20440.36,19525.62,18998.60,21101.08,20440.36,20440.36,19711.29,19711.29,20440.36,20440.36,20440.36,20440.36,18408.94
20440.36,19525.62,20440.36,18998.60,18998.60,18998.60,20440.36,20440.36,18998.60,20440.36,20440.36,18408.94,18408.94,19525.62,21101.08,19711.29,18998.60,19711.29,19525.62,18408.94,20440.36,19711.29,20440.36,18998.60,20440.36,19711.29,19711.29,20440.36,20440.36,18998.60,20440.36,19711.29,20440.36,18998.60,19711.29,18998.60,19711.29,18408.94,18998.60,19525.62
18998.60,20440.36,20440.36,22090.72,18998.60,18998.60,18998.60,20440.36,19711.29,19711.29,20440.36,18998.60,19711.29,20440.36,20440.36,20440.36,20440.36,18998.60,20440.36,18408.94,19711.29,18998.60,22090.72,18998.60,20440.36,19711.29,21101.08,20440.36,20440.36,20440.36,19525.62,19711.29,18408.94,18408.94,19711.29,21178.51,20440.36,20440.36,18998.60,20440.36
22090.72,20440.36,20440.36,19711.29,19711.29,19711.29,18408.94,20440.36,19711.29,20440.36,20440.36,18998.60,20440.36,20440.36,20440.36,18998.60,18408.94,19711.29,20440.36,20440.36,19711.29,18998.60,21101.08,20440.36,20440.36,20440.36,20440.36,20440.36,20440.36,20440.36,22090.72,18408.94,20440.36,18408.94,18408.94,18998.60,21101.08,20440.36,18998.60,18408.94

20440.36,20440.36,18998.60,20440.36,18998.60,19711.29,20440.36,18998.60,17249.96,18998.60,18998.60,17732.26,17249.96,20440.36,20440.36,18998.60,19711.29,18998.60,20440.36,17732.26,17778.14,20440.36,20440.36,19711.29,18408.94,15287.79,20440.36,19711.29,17778.14,18408.94,20440.36,18408.94,18408.94,18408.94,19711.29,19711.29,16613.79,18998.60,18998.60,18408.94
20440.36,20440.36,20440.36,18408.94,18998.60,18408.94,20440.36,18408.94,18998.60,19711.29,18998.60,17732.26,18998.60,18408.94,20440.36,18998.60,19711.29,18408.94,17732.26,17732.26,18998.60,19711.29,21101.08,19711.29,21101.08,18998.60,18998.60,18998.60,20440.36,18998.60,18998.60,18408.94,18408.94,17732.26,18408.94,17778.14,22090.72,17249.96,20440.36,18408.94
22090.72,18408.94,19711.29,19525.62,18408.94,18408.94,21101.08,18408.94,18408.94,18942.64,19711.29,18408.94,17732.26,19711.29,20440.36,17249.96,17732.26,18408.94,20440.36,18408.94,18408.94,18998.60,22090.72,19711.29,20440.36,18408.94,18998.60,19711.29,18998.60,20440.36,18408.94,17732.26,18408.94,17249.96,20440.36,19711.29,18998.60,18408.94,19711.29,18408.94
18408.94,19711.29,18998.60,18408.94,20440.36,20440.36,18408.94,17732.26,21101.08,18408.94,18998.60,18408.94,18408.94,19711.29,18998.60,17732.26,18998.60,20440.36,20440.36,18408.94,18408.94,18408.94,19711.29,20440.36,20440.36,18408.94,20440.36,18998.60,18408.94,17778.14,20440.36,18998.60,18408.94,18408.94,17249.96,18998.60,18408.94,20440.36,18998.60,18408.94

adjacent
8913.59,8027.73,9201.71,8595.66,8284.87,8027.73,8913.59,8595.66,8027.73,8595.66,8913.59,8595.66,7522.32,8284.87,8284.87,8027.73,8595.66,8027.73,8027.73,8595.66,7732.65,8913.59,8595.66,8913.59,8913.59,8595.66,8913.59,8595.66,8027.73,8027.73,8595.66,8027.73,8284.87,8913.59,7732.65,8284.87,8284.87,7522.32,8514.69,8027.73
8595.66,8284.87,8913.59,8595.66,8913.59,8027.73,8027.73,8913.59,8913.59,8913.59,8595.66,8514.69,8595.66,8913.59,8913.59,8514.69,8595.66,8595.66,8595.66,8913.59,7732.65,8913.59,8913.59,8595.66,8595.66,8027.73,8284.87,8284.87,8027.73,9633.28,8913.59,8027.73,8284.87,8595.66,8027.73,8595.66,8913.59,8284.87,9201.71,8595.66
8913.59,8913.59,9235.48,8027.73,8595.66,8595.66,8595.66,8284.87,8027.73,8027.73,8913.59,8913.59,8595.66,8595.66,8913.59,8027.73,7732.65,8027.73,8595.66,7522.32,7522.32,7522.32,8913.59,8027.73,7522.32,8284.87,8913.59,7522.32,7522.32,7071.07,8284.87,8027.73,8595.66,7522.32,8027.73,8595.66,8284.87,8027.73,8595.66,7522.32
8913.59,8027.73,9201.71,8027.73,8913.59,8027.73,8913.59,8027.73,8027.73,8595.66,7522.32,8027.73,8595.66,8595.66,8284.87,7522.32,8027.73,8595.66,7732.65,7522.32,8284.87,7522.32,8027.73,7294.59,8027.73,7522.32,8284.87,7071.07,7071.07,8027.73,8913.59,8595.66,7522.32,7732.65,7732.65,7522.32,6880.91,7752.65,7522.32,7752.65
8027.73,8284.87,8913.59,9235.48,8027.73,8913.59,7522.32,8595.66,7522.32,8913.59,8027.73,8027.73,8027.73,8284.87,8913.59,8284.87,8595.66,8027.73,8595.66,8027.73,7732.65,8284.87,8913.59,8027.73,8284.87,8595.66,8913.59,7071.07,7522.32,8027.73,8913.59,8595.66,8027.73,8284.87,8027.73,8027.73,8595.66,7522.32,8913.59,7522.32

evidenziatore
10686.50,10982.94,11087.38,12425.78,11869.12,10354.82,11497.47,11087.38,10354.82,11497.47,11497.47,10354.82,10686.50,12425.78,11087.38,11087.38,10686.50,11497.47,11497.47,11497.47,11087.38,11869.12,11497.47,12425.78,11497.47,11497.47,11912.67,11497.47,11497.47,11087.38,10354.82,11087.38,10686.50,10686.50,10686.50,11497.47,11497.47,11087.38,10354.82,11087.38
12425.78,11497.47,11497.47,10686.50,11087.38,11497.47,11087.38,11497.47,11497.47,11087.38,11087.38,11497.47,10982.94,11497.47,11869.12,10686.50,11497.47,11497.47,10982.94,10686.50,10354.82,10686.50,12425.78,10354.82,11497.47,11087.38,11869.12,10686.50,11087.38,10354.82,11869.12,11497.47,11087.38,10686.50,11497.47,10686.50,11497.47,11087.38,12425.78,12425.78
11087.38,11087.38,11497.47,10686.50,10686.50,11087.38,11497.47,11497.47,11497.47,11497.47,11869.12,11497.47,10354.82,11497.47,11869.12,11497.47,10354.82,11087.38,11497.47,11087.38,10686.50,11869.12,11497.47,11497.47,11869.12,11497.47,11497.47,10686.50,10354.82,10686.50,10686.50,11497.47,9974.19,11087.38,10686.50,11497.47,10982.94,11912.67,11497.47,11087.38
12425.78,10686.50,10686.50,10686.50,10686.50,11497.47,10686.50,11087.38,12425.78,10354.82,11087.38,10686.50,11087.38,11497.47,12898.81,11497.47,10686.50,11497.47,10686.50,11497.47,11497.47,11497.47,12425.78,11497.47,11497.47,11087.38,11497.47,10686.50,11497.47,10686.50,11497.47,10686.50,11869.12,10354.82,10982.94,11497.47,11087.38,11087.38,10686.50,11869.12
10686.50,11087.38,11497.47,10354.82,11497.47,11087.38,12425.78,11497.47,11087.38,11497.47,11497.47,10354.82,11087.38,11497.47,11497.47,11497.47,10354.82,11497.47,11497.47,10686.50,11087.38,11087.38,12425.78,11497.47,10686.50,11087.38,11497.47,11087.38,10982.94,11497.47,12425.78,11087.38,11087.38,11087.38,11497.47,10686.50,11497.47,11497.47,11087.38,11497.47

evidenziatore opposite
11497.47,11497.47,11497.47,11497.47,11497.47,10686.50,11087.38,11497.47,11497.47,11497.47,11497.47,11497.47,10354.82,11087.38,10686.50,10354.82,11497.47,10686.50,12425.78,12425.78,10686.50,11087.38,12425.78,12898.81,10686.50,11497.47,11497.47,11087.38,11087.38,10354.82,9702.90,10354.82
11497.47,12425.78,11497.47,11497.47,11869.12,10686.50,11497.47,11087.38,11497.47,11497.47,11087.38,10686.50,11087.38,11087.38,11497.47,11497.47,11497.47,11497.47,11497.47,11869.12,10354.82,11087.38,11497.47,11497.47,11497.47,11869.12,10686.50,10354.82,11087.38,11497.47,10354.82,9974.19
10982.94,11497.47,11497.47,11869.12,10686.50,11497.47,11497.47,11869.12,10686.50,11497.47,12425.78,11087.38,11497.47,10686.50,11087.38,11912.67,11497.47,11497.47,11497.47,11497.47,11087.38,11497.47,11497.47,11087.38,11497.47,11497.47,11497.47,11912.67,11497.47,10686.50,10354.82,10354.82
11497.47,11497.47,11497.47,11497.47,10686.50,10354.82,11497.47,11497.47,11869.12,11869.12,12425.78,12425.78,10686.50,10686.50,10354.82,10354.82,11497.47,11497.47,11497.47,11087.38,10354.82,11087.38,11497.47,11087.38,11869.12,11497.47,10686.50,12425.78,11497.47,10686.50,10686.50,10354.82
12425.78,11497.47,11087.38,11497.47,11497.47,11087.38,10686.50,11497.47,11912.67,12425.78,12425.78,10686.50,12425.78,10686.50,11497.47,10686.50,11497.47,11912.67,11497.47,10686.50,10354.82,12843.57,11497.47,11087.38,11497.47,12425.78,10686.50,10354.82,11497.47,10686.50,11497.47,9974.19

pennarello opposite
11869.12,12425.78,11497.47,11497.47,10686.50,11497.47,10686.50,11497.47,10686.50,11087.38,11497.47,11497.47,11497.47,11087.38,11869.12,11497.47,11497.47,11869.12,11497.47,11497.47,11087.38,11497.47,11087.38,10686.50,12425.78,11497.47,12425.78,11087.38,11497.47,11497.47,10686.50,9702.90
11497.47,11497.47,10686.50,11869.12,10982.94,11497.47,10686.50,11497.47,10686.50,11869.12,12425.78,11497.47,11087.38,10354.82,11087.38,11087.38,10686.50,12898.81,11497.47,11497.47,11497.47,11087.38,10354.82,10686.50,11497.47,12425.78,11087.38,11497.47,10686.50,10982.94,10686.50,10354.82,
11497.47,11497.47,11497.47,12425.78,11497.47,11497.47,11497.47,11497.47,11497.47,10686.50,12898.81,11087.38,11869.12,10354.82,11869.12,11497.47,11497.47,10982.94,11497.47,11497.47,10982.94,10354.82,11497.47,11497.47,10982.94,12425.78,11087.38,11087.38,10354.82,10686.50,10686.50,10354.82,
10982.94,12425.78,10686.50,11087.38,11497.47,10686.50,11087.38,12425.78,10686.50,10982.94,11869.12,12425.78,11087.38,10686.50,11497.47,11497.47,10686.50,11087.38,11869.12,11497.47,10354.82,11497.47,10686.50,11087.38,11497.47,11869.12,12425.78,11497.47,11497.47,10686.50,11087.38,10354.82,
11912.67,11869.12,10982.94,11497.47,10686.50,11869.12,11869.12,11869.12,11912.67,10686.50,12425.78,11497.47,11087.38,10000.00,11497.47,11087.38,10686.50,11087.38,11497.47,11869.12,11912.67,11087.38,11497.47,11497.47,11497.47,12425.78,11087.38,11497.47,10354.82,11497.47,10354.82,10354.82

evidenziatore adjacent 
11869.12,11497.47,11497.47,11087.38,11087.38,11087.38,11087.38,11087.38,11497.47,11497.47,11497.47,10354.82,11497.47,10982.94,11497.47,11087.38,11497.47,11497.47,11497.47,11087.38,11497.47,11497.47,12425.78,11087.38,10686.50,11087.38,11497.47,10686.50,10686.50,11497.47,10686.50,11497.47,11087.38,10354.82,11497.47,11497.47,11497.47,11497.47,11497.47,11087.38
11497.47,11087.38,11869.12,11497.47,11497.47,11497.47,11497.47,11497.47,10686.50,11497.47,11087.38,11912.67,11087.38,11087.38,10686.50,11497.47,11497.47,10686.50,11087.38,11869.12,10354.82,11497.47,11497.47,10686.50,11497.47,10354.82,11497.47,11497.47,11497.47,11087.38,11497.47,11087.38,11497.47,10686.50,11497.47,11497.47,11497.47,10686.50,10354.82,10686.50
11497.47,11087.38,11497.47,11087.38,11087.38,11497.47,11912.67,11087.38,11497.47,10686.50,11497.47,11087.38,9974.19,11497.47,11497.47,11087.38,11087.38,10686.50,12425.78,11497.47,11869.12,11497.47,11497.47,11497.47,11497.47,10686.50,10686.50,11087.38,10686.50,10686.50,10354.82,11497.47,11087.38,10354.82,10686.50,11497.47,10686.50,11087.38,11497.47,11497.47
12425.78,12425.78,11497.47,10354.82,11497.47,10686.50,11497.47,11087.38,12425.78,11497.47,11497.47,11087.38,11497.47,11869.12,12425.78,10686.50,11497.47,11497.47,11497.47,11497.47,10686.50,11087.38,11497.47,11497.47,10686.50,11869.12,12898.81,11912.67,10354.82,11497.47,11497.47,11497.47,11497.47,10354.82,10686.50,11497.47,11497.47,11497.47,11497.47,10686.50
11869.12,12425.78,10686.50,11497.47,11497.47,10686.50,11497.47,11497.47,11497.47,11497.47,11497.47,10686.50,10686.50,11497.47,11497.47,10686.50,11497.47,11497.47,11497.47,11497.47,11497.47,11087.38,11869.12,11497.47,10686.50,11087.38,11497.47,11087.38,11497.47,11087.38,11497.47,11497.47,11497.47,11497.47,9974.19,11087.38,11497.47,11087.38,11497.47,10686.50

evidenziatore + pennarello adj
11869.12,11497.47,11497.47,11497.47,11497.47,11497.47,11497.47,11497.47,11497.47,11497.47,11497.47,11497.47,10686.50,11497.47,11497.47,11087.38,11497.47,10686.50,11497.47,11087.38,11912.67,11869.12,11869.12,11497.47,11497.47,11869.12,12425.78,11497.47,10686.50,11497.47,10686.50,11497.47,10686.50,12425.78,10354.82,10686.50,11087.38,11497.47,11087.38,11087.38
11497.47,11869.12,12425.78,11087.38,12425.78,12425.78,11497.47,10354.82,11497.47,11497.47,12425.78,10686.50,11497.47,11497.47,11087.38,11497.47,11497.47,11497.47,12425.78,11497.47,12425.78,12425.78,11497.47,11087.38,11497.47,10686.50,12425.78,11869.12,11497.47,11497.47,11497.47,11087.38,10686.50,10354.82,10354.82,10686.50,11497.47,11497.47,11497.47,11087.38,
11869.12,12425.78,12425.78,11497.47,11087.38,11087.38,10982.94,11497.47,11087.38,11497.47,10982.94,11869.12,11497.47,11497.47,11497.47,11087.38,11497.47,11497.47,11497.47,11497.47,11497.47,11869.12,10686.50,11912.67,11497.47,12425.78,11497.47,11497.47,11912.67,11497.47,11497.47,11497.47,10686.50,11497.47,12425.78,11087.38,11087.38,12425.78,12425.78,11912.67,
12425.78,11497.47,11869.12,11497.47,12425.78,11497.47,11087.38,12425.78,10686.50,12425.78,11497.47,11497.47,11497.47,11087.38,11497.47,11497.47,11087.38,10686.50,12425.78,11497.47,10982.94,11497.47,10982.94,11869.12,11869.12,11497.47,11497.47,11087.38,12425.78,11497.47,12425.78,11497.47,11497.47,11497.47,11497.47,11497.47,11912.67,10686.50,10982.94,11497.47,

pennarello adj
11497.47,11087.38,12425.78,11497.47,11087.38,10354.82,12425.78,11497.47,11497.47,12425.78,12425.78,11497.47,11497.47,10354.82,11497.47,10354.82,10354.82,11497.47,10686.50,10982.94,11497.47,10686.50,11497.47,11869.12,12425.78,10686.50,11497.47,11497.47,11497.47,11497.47,11869.12,10686.50,10686.50,11087.38,10686.50,10686.50,10686.50,10686.50,11497.47,11869.12
12898.81,11869.12,11497.47,10686.50,11497.47,12425.78,11497.47,11497.47,11087.38,11497.47,11497.47,11497.47,11497.47,11497.47,12425.78,11497.47,10686.50,11497.47,11869.12,11087.38,12425.78,12425.78,12425.78,12425.78,11497.47,11497.47,11497.47,11497.47,11497.47,11497.47,11497.47,10982.94,10982.94,10686.50,11087.38,10982.94,11087.38,12425.78,11497.47,11497.47,
12425.78,11087.38,11497.47,11497.47,12425.78,11497.47,11497.47,10354.82,10354.82,11869.12,11087.38,11912.67,11087.38,11497.47,11497.47,11497.47,10686.50,11497.47,11497.47,11497.47,11087.38,11087.38,11497.47,11497.47,10982.94,11497.47,11497.47,11497.47,11497.47,11087.38,11497.47,11497.47,11497.47,10686.50,10354.82,11497.47,12425.78,10686.50,11497.47,11497.47,
11497.47,10686.50,12425.78,11497.47,11497.47,12425.78,11869.12,11912.67,11497.47,10354.82,11497.47,10686.50,11869.12,11497.47,11087.38,11087.38,11869.12,10354.82,12425.78,10982.94,10686.50,11912.67,11497.47,11497.47,11497.47,11087.38,11497.47,11497.47,11497.47,10354.82,11869.12,11497.47,10686.50,11497.47,11087.38,10982.94,11497.47,11497.47,11869.12,11497.47,

pennarello opposite
12425.78,11869.12,11869.12,11497.47,11497.47,11869.12,11497.47,11497.47,11087.38,11497.47,11869.12,11869.12,11497.47,10982.94,11497.47,11497.47,10686.50,12425.78,10686.50,10686.50,10686.50,11497.47,10686.50,12425.78,10686.50,12898.81,10686.50,11087.38,11087.38,11087.38,12425.78,11497.47,
11497.47,11087.38,11497.47,12425.78,12425.78,10686.50,10686.50,11087.38,11869.12,11497.47,11869.12,10686.50,12425.78,11497.47,11497.47,11497.47,11087.38,11087.38,12425.78,10686.50,10686.50,11869.12,10686.50,11497.47,10354.82,11869.12,10686.50,11497.47,11497.47,10686.50,11087.38,11087.38,
11497.47,11497.47,11497.47,11497.47,11497.47,11497.47,11497.47,11869.12,11087.38,11497.47,12425.78,10982.94,11497.47,9974.19,10686.50,10982.94,11497.47,11497.47,11497.47,11912.67,11497.47,11087.38,10686.50,10686.50,12425.78,11497.47,11087.38,10686.50,11497.47,11497.47,11497.47,11497.47,
11869.12,11869.12,11912.67,12425.78,10686.50,11912.67,11497.47,12425.78,11912.67,11497.47,12898.81,10686.50,11497.47,10686.50,11087.38,11497.47,11497.47,12425.78,13493.53,11497.47,10686.50,12425.78,11087.38,11497.47,11869.12,11497.47,11087.38,11912.67,11087.38,11912.67,11497.47,11087.38,
11869.12,11869.12,11497.47,10686.50,11497.47,11497.47,11087.38,12425.78,11497.47,11087.38,12425.78,11497.47,11497.47,10686.50,11912.67,11869.12,11912.67,11497.47,12425.78,11087.38,10354.82,11869.12,10686.50,11912.67,11497.47,12425.78,11912.67,10686.50,11497.47,11497.47,11087.38,10686.50


