calibration 550 ohm, 100kHz
pennarello dritto
b: 508.91,570.94,570.94,570.94,597.26,570.94,570.94,570.94,570.94,525.36,570.94,525.36,570.94,570.94,525.36,508.91,525.36,525.36,570.94,508.91,570.94,570.94,570.94,570.94,550.00,570.94,624.36,525.36,550.00,570.94,570.94,550.00,570.94,486.14,508.91,508.91,525.36,525.36,550.00,570.94
550.00,570.94,570.94,550.00,570.94,570.94,570.94,550.00,525.36,570.94,570.94,525.36,570.94,550.00,508.91,525.36,570.94,570.94,525.36,525.36,624.36,570.94,525.36,550.00,570.94,570.94,570.94,570.94,570.94,570.94,570.94,550.00,597.26,570.94,570.94,570.94,570.94,508.91,550.00,570.94
570.94,550.00,570.94,525.36,570.94,570.94,570.94,570.94,570.94,570.94,570.94,525.36,525.36,570.94,570.94,570.94,624.36,550.00,570.94,508.91,570.94,570.94,570.94,525.36,570.94,570.94,624.36,508.91,570.94,570.94,570.94,570.94,570.94,570.94,570.94,570.94,570.94,570.94,550.00,570.94
570.94,550.00,570.94,570.94,550.00,550.00,539.32,570.94,570.94,525.36,570.94,570.94,550.00,525.36,624.36,570.94,597.26,508.91,525.36,508.91,570.94,570.94,570.94,624.36,550.00,550.00,570.94,570.94,570.94,570.94,624.36,570.94,570.94,570.94,570.94,525.36,550.00,570.94,624.36,525.36
550.00,570.94,550.00,570.94,624.36,550.00,570.94,570.94,570.94,570.94,570.94,570.94,570.94,570.94,550.00,570.94,570.94,486.14,508.91,570.94,570.94,570.94,550.00,525.36,570.94,570.94,570.94,570.94,570.94,570.94,570.94,570.94,570.94,624.36,525.36,570.94,570.94,525.36,570.94,550.00

570.94,508.91,570.94,570.94,570.94,508.91,525.36,508.91,550.00,525.36,570.94,525.36,550.00,525.36,550.00,508.91,508.91,508.91,550.00,508.91,570.94,525.36,624.36,570.94,550.00,486.14,508.91,550.00,525.36,550.00,570.94,525.36,525.36,525.36,508.91,473.01,525.36,550.00,508.91,525.36]';

b: 508.91,473.01,473.01,473.01,508.91,473.01,525.36,508.91,508.91,473.01,508.91,473.01,525.36,490.76,473.01,508.91,473.01,458.33,473.01,473.01,508.91,429.48,473.01,508.91,473.01,473.01,508.91,473.01,508.91,473.01,473.01,473.01,508.91,473.01,473.01,458.33,508.91,473.01,473.01,473.01,
1-2: 508.91,486.14,525.36,525.36,525.36,473.01,508.91,508.91,473.01,473.01,508.91,508.91,508.91,508.91,525.36,473.01,473.01,508.91,508.91,473.01,508.91,473.01,508.91,508.91,508.91,473.01,508.91,508.91,508.91,525.36,508.91,486.14,525.36,508.91,525.36,486.14,550.00,508.91,458.33,486.14,
4-5: 525.36,550.00,508.91,508.91,570.94,508.91,525.36,508.91,508.91,525.36,550.00,525.36,508.91,508.91,508.91,473.01,525.36,473.01,550.00,508.91,508.91,525.36,525.36,508.91,525.36,473.01,525.36,550.00,486.14,473.01,550.00,473.01,508.91,473.01,525.36,508.91,473.01,490.76,490.76,508.91,
6-7: 525.36,550.00,525.36,508.91,525.36,473.01,508.91,508.91,473.01,473.01,508.91,550.00,508.91,508.91,525.36,508.91,508.91,473.01,508.91,508.91,525.36,550.00,550.00,508.91,508.91,508.91,550.00,525.36,486.14,508.91,508.91,508.91,508.91,508.91,508.91,508.91,508.91,508.91,508.91,508.91,
8-1: 570.94,550.00,525.36,550.00,525.36,508.91,525.36,525.36,473.01,508.91,508.91,486.14,508.91,550.00,550.00,490.76,508.91,473.01,473.01,473.01,473.01,525.36,508.91,508.91,508.91,508.91,508.91,486.14,508.91,473.01,508.91,508.91,508.91,508.91,508.91,486.14,508.91,486.14,570.94,473.01,

pennarello dritto al centro (calib=550) ->fatto per tutti algoritmi, "penn_dritto_centro_0806"
a0=[550.00,550.00,511.21,550.00,567.78,511.21,567.78,511.21,617.04,550.00,525.39,550.00,550.00,550.00,594.41,550.00,511.21,511.21,550.00,525.39,511.21,525.39,550.00,511.21,525.39,550.00,550.00,511.21,550.00,495.34,550.00,550.00,594.41,550.00,511.21,550.00,511.21,567.78,550.00,550.00]';
a1=[594.41,567.78,567.78,550.00,594.41,511.21,550.00,511.21,550.00,550.00,550.00,550.00,594.41,511.21,550.00,511.21,530.38,511.21,550.00,525.39,594.41,567.78,550.00,550.00,511.21,511.21,567.78,550.00,550.00,550.00,594.41,525.39,550.00,525.39,511.21,511.21,550.00,511.21,550.00,567.78]';
a2=[594.41,550.00,550.00,567.78,567.78,550.00,550.00,550.00,550.00,550.00,550.00,550.00,550.00,567.78,550.00,495.34,550.00,594.41,511.21,511.21,550.00,550.00,567.78,550.00,511.21,511.21,567.78,511.21,550.00,567.78,594.41,550.00,530.38,550.00,511.21,567.78,550.00,511.21,550.00,530.38]';
a3=[594.41,550.00,567.78,511.21,550.00,550.00,525.39,511.21,511.21,511.21,550.00,550.00,511.21,550.00,550.00,567.78,550.00,550.00,550.00,550.00,550.00,550.00,594.41,550.00,550.00,511.21,567.78,511.21,550.00,550.00,594.41,530.38,511.21,550.00,550.00,511.21,550.00,567.78,567.78,511.21]';
a4=[594.41,567.78,567.78,550.00,550.00,525.39,594.41,511.21,550.00,550.00,511.21,511.21,550.00,567.78,594.41,550.00,550.00,530.38,550.00,550.00,511.21,594.41,550.00,594.41,550.00,550.00,550.00,594.41,550.00,525.39,550.00,550.00,550.00,550.00,550.00,511.21,594.41,525.39,567.78,530.38]';

penn_mov_12_45_67_81
490.25,550.00,506.09,529.83,506.09,506.09,506.09,490.25,490.25,550.00,506.09,550.00,490.25,506.09,506.09,550.00,506.09,455.67,506.09,550.00,529.83,550.00,490.25,490.25,529.83,529.83,506.09,506.09,506.09,529.83,506.09,529.83,506.09,490.25,529.83,490.25,490.25,550.00,506.09,506.09,
506.09,601.46,490.25,529.83,506.09,550.00,550.00,490.25,455.67,490.25,506.09,529.83,490.25,601.46,550.00,506.09,490.25,506.09,506.09,529.83,506.09,550.00,550.00,529.83,550.00,601.46,550.00,550.00,468.31,550.00,529.83,490.25,550.00,506.09,529.83,550.00,529.83,506.09,490.25,529.83,
550.00,529.83,601.46,529.83,550.00,529.83,550.00,506.09,550.00,506.09,550.00,506.09,506.09,506.09,550.00,490.25,550.00,490.25,506.09,472.76,529.83,550.00,506.09,506.09,550.00,550.00,529.83,506.09,506.09,550.00,550.00,529.83,490.25,506.09,506.09,550.00,490.25,529.83,550.00,506.09,
550.00,550.00,550.00,529.83,550.00,506.09,529.83,506.09,550.00,490.25,550.00,506.09,506.09,506.09,506.09,550.00,550.00,506.09,550.00,506.09,506.09,468.31,506.09,529.83,529.83,506.09,550.00,506.09,490.25,529.83,550.00,506.09,506.09,529.83,529.83,506.09,550.00,550.00,550.00,506.09,
550.00,550.00,490.25,550.00,601.46,550.00,529.83,550.00,529.83,529.83,490.25,529.83,550.00,506.09,550.00,550.00,506.09,490.25,455.67,529.83,506.09,506.09,529.83,506.09,550.00,506.09,550.00,506.09,529.83,506.09,550.00,506.09,550.00,529.83,490.25,550.00,529.83,550.00,550.00,529.83,

aggeggio plastica 12-56, 34-67, 45-81, 23-56 
550.00,550.00,597.71,597.71,597.71,597.71,597.71,597.71,597.71,550.00,575.80,597.71,550.00,550.00,597.71,550.00,597.71,597.71,575.80,532.78,575.80,575.80,575.80,550.00,575.80,532.78,575.80,575.80,532.78,597.71,597.71,532.78,597.71,532.78,575.80,495.20,597.71,575.80,550.00,575.80,
597.71,575.80,575.80,575.80,597.71,575.80,532.78,532.78,597.71,532.78,550.00,597.71,575.80,550.00,532.78,532.78,552.02,575.80,597.71,550.00,532.78,532.78,532.78,597.71,550.00,550.00,575.80,597.71,550.00,597.71,597.71,575.80,575.80,575.80,508.94,532.78,597.71,550.00,532.78,575.80,
575.80,550.00,575.80,597.71,532.78,597.71,532.78,532.78,575.80,550.00,532.78,575.80,597.71,575.80,575.80,550.00,532.78,597.71,575.80,597.71,550.00,597.71,597.71,575.80,495.20,575.80,597.71,597.71,550.00,532.78,532.78,550.00,575.80,532.78,597.71,575.80,575.80,550.00,532.78,550.00,
#287.90,287.90,287.90,293.53,293.22,282.04,287.90,293.53,293.53,299.83,287.90,282.04,293.53,282.04,293.53,281.77,276.77,287.90,293.53,282.04,287.90,282.04,287.90,270.83,282.04,287.90,287.90,276.77,287.90,282.04,271.55,271.55,287.90,276.77,282.04,293.53,281.77,281.77,287.90,281.77,
#293.53,281.77,281.77,276.77,282.04,293.53,276.77,276.77,282.04,266.16,287.90,271.55,287.90,276.77,276.77,293.53,271.55,282.04,287.90,299.83,271.55,281.77,281.77,287.90,287.90,276.77,276.77,281.77,287.90,293.53,287.90,271.55,287.90,281.77,287.90,282.04,271.55,276.77,287.90,276.77,
baseline,  45-81, 23-56 
561.97,561.97,572.96,550.53,530.07,530.07,540.26,550.00,550.00,561.97,561.97,540.26,550.00,561.97,561.97,550.53,561.97,550.00,550.53,540.26,561.97,540.26,572.96,561.97,530.07,540.26,540.26,540.26,510.88,540.26,540.26,550.53,540.26,540.26,540.26,550.53,550.00,550.53,540.26,550.00,
650.64,697.04,668.82,719.53,719.53,759.14,719.53,777.82,735.37,719.53,735.37,719.53,759.14,719.53,683.50,719.53,802.81,777.82,719.53,719.53,802.81,759.14,719.53,719.53,759.14,719.53,683.50,735.37,759.14,802.81,719.53,802.81,777.82,825.00,777.82,759.14,683.50,777.82,777.82,802.81,
777.82,851.08,794.75,802.81,825.00,825.00,825.00,877.65,877.65,902.19,825.00,902.19,936.62,877.65,759.14,966.62,877.65,802.81,802.81,877.65,877.65,877.65,777.82,825.00,825.00,966.62,802.81,825.00,902.19,877.65,877.65,936.62,802.81,936.62,877.65,825.00,902.19,877.65,825.00,877.65,
