RFB=500, f=100kHz, saline, vetro
baseline consecutive
500.00,474.05,454.08,454.08,500.00,454.08,474.05,434.37,454.08,434.37,454.08,454.08,500.00,434.37,454.08,454.08,434.37,415.23,454.08,400.00,500.00,474.05,434.37,434.37,474.05,434.37,434.37,434.37,454.08,434.37,454.08,454.08,434.37,474.05,454.08,474.05,434.37,474.05,474.05,434.37
454.08,474.05,474.05,434.37,500.00,434.37,413.45,454.08,474.05,474.05,454.08,454.08,434.37,434.37,454.08,474.05,474.05,500.00,454.08,434.37,454.08,454.08,454.08,415.23,454.08,434.37,434.37,434.37,474.05,434.37,454.08,434.37,500.00,434.37,454.08,413.45,415.23,500.00,454.08,434.37
474.05,454.08,454.08,454.08,454.08,434.37,454.08,434.37,454.08,400.00,454.08,454.08,474.05,454.08,474.05,400.00,434.37,474.05,454.08,474.05,454.08,500.00,500.00,500.00,434.37,474.05,500.00,434.37,434.37,434.37,454.08,454.08,474.05,454.08,454.08,454.08,474.05,434.37,434.37,454.08
454.08,454.08,474.05,454.08,474.05,434.37,434.37,434.37,454.08,434.37,454.08,454.08,454.08,454.08,500.00,474.05,474.05,434.37,500.00,434.37,434.37,415.23,454.08,454.08,454.08,454.08,500.00,474.05,454.08,434.37,454.08,454.08,474.05,474.05,454.08,500.00,434.37,434.37,454.08,434.37
474.05,500.00,500.00,454.08,454.08,434.37,454.08,474.05,434.37,454.08,454.08,434.37,500.00,474.05,474.05,454.08,434.37,474.05,500.00,434.37,474.05,474.05,454.08,474.05,434.37,434.37,454.08,474.05,454.08,454.08,454.08,434.37,474.05,454.08,454.08,434.37,454.08,454.08,454.08,454.08

penna dritta
471.40,500.00,500.00,434.37,474.05,434.37,454.08,474.05,454.08,434.37,500.00,500.00,454.08,454.08,500.00,434.37,454.08,454.08,454.08,434.37,474.05,454.08,500.00,454.08,474.05,454.08,554.70,474.05,474.05,500.00,500.00,454.08,474.05,474.05,434.37,454.08,454.08,474.05,474.05,500.00
454.08,474.05,500.00,454.08,454.08,500.00,434.37,434.37,500.00,434.37,474.05,454.08,474.05,434.37,474.05,434.37,415.23,415.23,434.37,454.08,500.00,454.08,474.05,454.08,454.08,500.00,454.08,454.08,454.08,454.08,454.08,454.08,454.08,474.05,454.08,454.08,454.08,454.08,500.00,474.05
500.00,500.00,454.08,454.08,500.00,434.37,454.08,454.08,474.05,454.08,454.08,454.08,500.00,454.08,500.00,454.08,500.00,474.05,500.00,434.37,434.37,500.00,500.00,454.08,474.05,434.37,500.00,474.05,500.00,454.08,500.00,454.08,434.37,500.00,500.00,434.37,434.37,500.00,500.00,500.00
474.05,454.08,500.00,519.88,471.40,434.37,454.08,415.23,474.05,434.37,454.08,454.08,474.05,454.08,474.05,500.00,454.08,500.00,454.08,415.23,454.08,500.00,500.00,415.23,500.00,454.08,454.08,434.37,500.00,500.00,474.05,474.05,454.08,454.08,474.05,454.08,454.08,454.08,454.08,454.08

dito lana
434.37,474.05,474.05,454.08,500.00,434.37,454.08,454.08,434.37,434.37,454.08,434.37,454.08,500.00,474.05,415.23,454.08,454.08,474.05,434.37,474.05,434.37,454.08,434.37,454.08,454.08,474.05,454.08,500.00,454.08,474.05,500.00,434.37,434.37,500.00,434.37,474.05,474.05,474.05,474.05
500.00,434.37,454.08,474.05,454.08,454.08,454.08,500.00,471.40,434.37,500.00,500.00,474.05,454.08,523.42,454.08,500.00,415.23,454.08,474.05,454.08,474.05,500.00,474.05,500.00,500.00,474.05,454.08,454.08,474.05,454.08,434.37,454.08,500.00,474.05,500.00,434.37,454.08,500.00,454.08
454.08,500.00,454.08,500.00,454.08,434.37,454.08,415.23,454.08,474.05,454.08,454.08,434.37,474.05,554.70,454.08,454.08,434.37,500.00,434.37,500.00,454.08,500.00,500.00,474.05,500.00,500.00,454.08,500.00,474.05,474.05,500.00,500.00,454.08,500.00,434.37,500.00,454.08,500.00,434.37
500.00,500.00,500.00,500.00,554.70,454.08,454.08,500.00,454.08,434.37,500.00,500.00,454.08,500.00,454.08,500.00,434.37,434.37,474.05,434.37,500.00,454.08,500.00,434.37,454.08,454.08,500.00,454.08,434.37,500.00,500.00,474.05,500.00,454.08,454.08,500.00,454.08,454.08,500.00,474.05

RFB=1000
baseline 
1054.75,957.88,1054.75,1054.75,1000.00,957.88,916.31,1054.75,957.88,1054.75,957.88,1054.75,1054.75,957.88,1054.75,957.88,957.88,957.88,957.88,1054.75,1054.75,1000.00,1054.75,1000.00,1000.00,957.88,1054.75,1054.75,957.88,957.88,1054.75,1054.75,916.31,1054.75,1054.75,957.88,957.88,1054.75,1054.75,1054.75
1054.75,1054.75,1054.75,957.88,1054.75,957.88,1054.75,1054.75,1000.00,957.88,1170.14,916.31,1000.00,1054.75,1054.75,1000.00,916.31,957.88,957.88,916.31,957.88,1054.75,1054.75,957.88,1000.00,1054.75,1054.75,1054.75,916.31,1054.75,1054.75,1054.75,1054.75,957.88,957.88,872.17,1000.00,957.88,1054.75,957.88
1104.16,1054.75,1054.75,1054.75,1054.75,1000.00,957.88,875.92,957.88,957.88,1054.75,1054.75,1000.00,1054.75,1054.75,957.88,957.88,957.88,957.88,916.31,1054.75,1054.75,1054.75,1054.75,957.88,1054.75,1000.00,957.88,1000.00,1054.75,1054.75,1054.75,957.88,1054.75,957.88,957.88,1054.75,957.88,1054.75,916.31
1054.75,1000.00,1054.75,1054.75,1104.16,1054.75,1000.00,957.88,1054.75,957.88,1054.75,957.88,1054.75,875.92,1054.75,1054.75,957.88,957.88,1000.00,1000.00,957.88,957.88,1054.75,957.88,957.88,1054.75,1000.00,1054.75,1096.68,1000.00,1096.68,1054.75,1054.75,957.88,1000.00,957.88,957.88,957.88,1054.75,957.88
1054.75,1000.00,1054.75,994.43,1096.68,957.88,1054.75,1054.75,1054.75,957.88,1054.75,1054.75,957.88,1054.75,1170.14,1054.75,1054.75,1054.75,1054.75,916.31,1054.75,957.88,1054.75,1096.68,1104.16,1000.00,1054.75,916.31,1054.75,1054.75,1054.75,957.88,1054.75,957.88,1054.75,1000.00,1000.00,1000.00,1054.75,1054.75

pennarello dritto 
994.43,1054.75,1054.75,1054.75,1170.14,1054.75,1054.75,1054.75,957.88,957.88,1054.75,1000.00,957.88,1000.00,1170.14,1054.75,1054.75,957.88,957.88,916.31,1054.75,1054.75,1054.75,916.31,1000.00,1054.75,1054.75,916.31,957.88,957.88,957.88,957.88,957.88,1054.75,916.31,957.88,1096.68,1054.75,957.88,1000.00
1054.75,957.88,1054.75,1054.75,1054.75,1000.00,957.88,1054.75,1054.75,1000.00,1000.00,1054.75,1054.75,1054.75,1054.75,1054.75,1054.75,1000.00,1054.75,957.88,1054.75,1054.75,1000.00,916.31,1104.16,957.88,994.43,916.31,916.31,1054.75,1096.68,957.88,916.31,875.92,957.88,916.31,916.31,957.88,1054.75,916.31
957.88,1054.75,1000.00,957.88,1054.75,916.31,957.88,1054.75,1054.75,957.88,1054.75,1054.75,1054.75,1000.00,1054.75,1054.75,1054.75,1054.75,957.88,843.80,957.88,957.88,1054.75,957.88,1054.75,957.88,916.31,957.88,1054.75,1000.00,1054.75,1054.75,957.88,1000.00,957.88,916.31,1096.68,1054.75,957.88,957.88
1000.00,957.88,1054.75,1000.00,1054.75,1054.75,957.88,957.88,1054.75,1000.00,957.88,957.88,1054.75,1000.00,1054.75,957.88,957.88,957.88,1170.14,1054.75,957.88,1054.75,1054.75,957.88,957.88,957.88,1054.75,843.80,1054.75,1054.75,1054.75,957.88,957.88,1054.75,957.88,957.88,1000.00,957.88,994.43,957.88


RFB=250
225.35,204.65,225.35,195.77,225.35,195.77,204.65,204.65,225.35,195.77,204.65,195.77,225.35,204.65,204.65,213.65,195.77,225.35,204.65,187.14,213.65,225.35,225.35,213.65,204.65,204.65,225.35,195.77,204.65,213.65,225.35,225.35,213.65,204.65,225.35,213.65,204.65,204.65,204.65,195.77
225.35,225.35,225.35,204.65,204.65,213.65,213.65,204.65,195.77,195.77,225.35,204.65,204.65,204.65,204.65,187.14,225.35,213.65,204.65,195.77,213.65,195.77,195.77,225.35,204.65,213.65,225.35,225.35,204.65,204.65,204.65,225.35,225.35,225.35,195.77,204.65,225.35,213.65,225.35,204.65
225.35,225.35,225.35,225.35,225.35,204.65,225.35,204.65,225.35,204.65,213.65,225.35,204.65,204.65,213.65,204.65,195.77,204.65,204.65,195.77,204.65,204.65,225.35,187.14,204.65,225.35,225.35,204.65,225.35,195.77,225.35,213.65,225.35,212.46,204.65,204.65,204.65,213.65,225.35,225.35
225.35,225.35,225.35,225.35,225.35,204.65,213.65,213.65,235.90,195.77,235.90,204.65,225.35,225.35,234.30,204.65,204.65,204.65,225.35,204.65,225.35,195.77,250.00,204.65,213.65,213.65,212.46,204.65,195.77,204.65,225.35,204.65,213.65,225.35,204.65,225.35,225.35,195.77,204.65,204.65
225.35,213.65,225.35,204.65,225.35,195.77,204.65,225.35,204.65,204.65,225.35,195.77,225.35,213.65,225.35,195.77,195.77,195.77,204.65,213.65,204.65,225.35,225.35,225.35,204.65,225.35,204.65,195.77,225.35,195.77,213.65,225.35,225.35,225.35,204.65,213.65,204.65,204.65,212.46,225.35

dito tra 1 e 2 
225.35,225.35,250.00,213.65,204.65,195.77,204.65,204.65,225.35,195.77,225.35,225.35,213.65,225.35,225.35,195.77,213.65,195.77,225.35,204.65,225.35,204.65,204.65,204.65,225.35,204.65,195.77,195.77,204.65,225.35,225.35,195.77,225.35,204.65,204.65,204.65,225.35,204.65,225.35,204.65
250.00,225.35,225.35,225.35,204.65,204.65,195.77,195.77,204.65,204.65,204.65,225.35,204.65,250.00,213.65,213.65,204.65,225.35,195.77,204.65,204.65,204.65,204.65,204.65,225.35,225.35,213.65,195.77,204.65,225.35,225.35,213.65,204.65,225.35,225.35,204.65,204.65,204.65,225.35,204.65
204.65,225.35,235.90,225.35,225.35,204.65,225.35,213.65,225.35,204.65,225.35,225.35,225.35,225.35,235.90,204.65,204.65,204.65,225.35,204.65,204.65,225.35,250.00,213.65,204.65,225.35,225.35,213.65,204.65,204.65,225.35,225.35,225.35,213.65,225.35,225.35,225.35,204.65,213.65,204.65
225.35,225.35,225.35,213.65,204.65,225.35,225.35,225.35,204.65,204.65,225.35,225.35,213.65,225.35,225.35,195.77,204.65,225.35,225.35,195.77,225.35,204.65,213.65,225.35,225.35,225.35,225.35,225.35,213.65,225.35,225.35,213.65,225.35,187.14,204.65,225.35,213.65,204.65,204.65,213.65


RFB=100 ohm
baseline
100.00,90.14,84.98,81.86,81.86,90.14,78.31,81.86,85.46,78.31,81.86,90.14,90.14,78.31,90.14,81.86,81.86,78.31,90.14,78.31,90.14,81.86,90.14,81.86,81.86,81.86,90.14,90.14,81.86,81.86,90.14,81.86,90.14,90.14,85.46,78.31,78.31,81.86,90.14,85.46
90.14,81.86,85.46,85.46,90.14,81.86,81.86,78.31,78.31,81.86,90.14,90.14,90.14,81.86,84.98,85.46,81.86,81.86,85.46,72.11,90.14,90.14,81.86,81.86,78.31,81.86,90.14,78.31,78.31,81.86,85.46,81.86,90.14,81.86,81.86,78.31,81.86,81.86,85.46,78.31
90.14,90.14,81.86,90.14,90.14,78.31,85.46,78.31,85.46,78.31,81.86,100.00,90.14,81.86,90.14,81.86,90.14,78.31,81.86,78.31,90.14,90.14,90.14,85.46,81.86,90.14,90.14,81.86,90.14,81.86,90.14,85.46,90.14,90.14,81.86,81.86,81.86,90.14,85.46,81.86
90.14,90.14,90.14,85.46,90.14,78.31,81.86,81.86,85.46,78.31,93.72,81.86,90.14,85.46,85.46,81.86,81.86,74.86,81.86,72.11,81.86,81.86,90.14,78.31,90.14,81.86,90.14,81.86,81.86,90.14,90.14,85.46,90.14,90.14,90.14,81.86,85.46,85.46,81.86,85.46
90.14,81.86,90.14,85.46,81.86,81.86,72.11,85.46,81.86,72.11,85.46,90.14,90.14,81.86,78.31,78.31,78.31,78.31,81.86,72.11,90.14,78.31,81.86,85.46,78.31,81.86,90.14,78.31,78.31,81.86,85.46,90.14,81.86,78.31,85.46,85.46,74.86,78.31,81.86,78.31

dito tra 1 e 8
85.46,85.46,90.14,81.86,90.14,78.31,78.31,81.86,90.14,81.86,81.86,85.46,85.46,85.46,90.14,74.86,90.14,78.31,85.46,72.11,81.86,81.86,90.14,74.86,90.14,90.14,90.14,85.46,81.86,90.14,90.14,85.46,81.86,90.14,90.14,78.31,78.31,78.31,78.31,90.14
85.46,90.14,90.14,90.14,90.14,72.11,81.86,78.31,81.86,78.31,78.31,81.86,81.86,85.46,85.46,78.31,85.46,81.86,81.86,78.31,81.86,90.14,90.14,72.11,81.86,81.86,81.86,81.86,81.86,90.14,81.86,90.14,81.86,85.46,90.14,78.31,78.31,81.86,90.14,78.31
81.86,74.86,78.31,81.86,85.46,72.11,90.14,81.86,90.14,72.11,81.86,81.86,90.14,78.31,90.14,81.86,78.31,81.86,81.86,78.31,85.46,90.14,90.14,78.31,85.46,78.31,90.14,81.86,81.86,81.86,94.36,81.86,81.86,90.14,81.86,78.31,78.31,78.31,90.14,78.31
85.46,81.86,90.14,78.31,85.46,72.11,90.14,78.31,90.14,78.31,81.86,85.46,81.86,72.11,81.86,81.86,81.86,81.86,81.86,72.11,85.46,85.46,90.14,78.31,78.31,78.31,90.14,78.31,81.86,81.86,81.86,81.86,90.14,81.86,90.14,78.31,78.31,85.46,78.31,81.86



spectroscopy 1000 ohm
999.94,1000.94,997.19,990.97,1026.63,951.95,1086.84,980.36,1060.00,894.43,1055.40,485.07,1000.00,819.84,905.54,766.96,3000.00,1028.99,715.89,1140.18,1000.00,1028.99,620.17,620.17,inf,948.68,1414.21,1012.42,1581.14,632.46,666.67,2529.82,353.55,1000.00,1118.03,923.29,2529.82,1617.21,1612.45,790.57,685.99,1000.00,367.61,901.39,1178.51,1500.00,806.23,1649.24,1176.70,698.43,565.69,1000.00,1612.45,1030.78,1000.00,1082.78,857.49,370.12,1000.00,1333.33,447.21,848.53,1306.09,948.68,500.00,1000.00,1000.00,1000.00,1201.85,894.43,784.46,1174.44,838.27,765.64,905.54,1473.34,887.95,1101.41,1104.54,819.84,1101.41,1325.18,754.62,1000.00,1083.09,951.83,1084.65,1000.00,948.68,1106.80,838.27,1071.75,1085.93,868.74,1534.78,620.17,1205.40,958.71,1121.88,916.31,1121.88
1000.00,997.31,998.62,1000.00,988.21,964.67,1091.07,918.64,1386.75,971.29,901.26,500.00,2000.00,905.54,694.52,1581.14,1897.37,1176.70,715.89,707.11,2000.00,1500.00,707.11,542.33,1414.21,3000.00,894.43,1098.13,1054.09,894.43,894.43,1788.85,1000.00,1414.21,1581.14,1019.80,4000.00,1843.91,1274.75,1084.65,685.99,1000.00,2236.07,1201.85,1666.67,1150.45,1612.45,1531.28,3000.00,790.57,525.23,971.83,1019.80,1030.78,1240.35,1143.54,1118.03,587.22,1000.00,883.45,500.00,662.59,1523.15,1245.68,618.35,800.00,905.54,1000.00,1118.03,987.73,883.45,1084.65,1140.18,869.23,819.84,1667.71,1131.92,1101.41,1164.28,905.54,1520.69,848.53,1000.00,1083.09,968.74,951.83,1162.48,920.45,1028.99,1475.73,1442.22,977.27,1135.19,1228.59,1277.02,711.07,1166.19,1038.07,850.16,957.88,1547.08
1000.00,997.31,997.19,995.64,952.42,951.95,1091.07,863.53,1060.00,894.43,930.26,485.07,666.67,905.54,905.54,1581.14,4242.64,848.53,1098.13,1274.75,1264.91,1897.37,1000.00,1000.00,1264.91,1341.64,1414.21,1775.91,1581.14,1000.00,1414.21,1568.93,223.61,282.84,1000.00,1000.00,1414.21,1000.00,1000.00,894.43,894.43,1000.00,383.48,700.40,1767.77,930.26,1140.18,1303.84,1028.99,1054.09,1264.91,1030.78,1236.69,910.64,766.96,1374.37,1767.77,500.00,928.48,1131.37,707.11,848.53,1000.00,1245.68,424.92,970.14,1509.23,887.95,1058.63,987.73,970.14,877.06,1019.80,723.24,1000.00,1473.34,954.52,1192.93,1219.76,887.95,1101.41,784.46,819.84,1104.54,1000.00,2059.13,857.49,907.92,1626.98,1372.81,1140.18,1000.00,1118.03,1000.00,1091.33,727.61,1118.03,1250.00,943.53,1238.74,1273.66
999.94,1004.14,1007.44,1000.00,952.42,951.95,1091.07,1039.83,1060.00,928.48,1000.00,632.46,2000.00,1280.62,819.84,1240.35,1000.00,727.61,715.89,1802.78,2828.43,750.00,707.11,620.17,1000.00,1000.00,894.43,1775.91,1581.14,500.00,1414.21,1131.37,235.70,353.55,877.06,1000.00,1109.40,1943.65,1140.18,1084.65,894.43,447.21,1000.00,838.27,1178.51,1245.68,1140.18,1000.00,662.59,1240.35,565.69,1617.21,1140.18,1843.91,698.43,2287.09,1581.14,1054.09,745.36,1131.37,620.17,750.00,944.62,1060.66,806.23,800.00,1775.91,954.52,1900.29,877.06,883.45,809.78,923.29,618.08,1000.00,2109.50,754.62,1101.41,2166.17,744.35,1000.00,986.39,1131.92,827.88,1562.05,902.99,1000.00,907.92,892.45,1299.87,1339.07,1143.54,1431.50,1333.33,1692.59,779.81,1210.59,1767.77,1000.00,872.17,1280.80
999.94,1004.14,1000.00,990.97,972.39,985.85,1044.42,1008.78,1084.65,1015.35,914.57,500.00,2000.00,819.84,1000.00,1084.65,1897.37,1500.00,819.84,1140.18,2828.43,1897.37,707.11,707.11,1000.00,832.05,1240.35,1280.62,877.06,666.67,554.70,1131.37,1000.00,282.84,877.06,838.27,1885.62,1843.91,1000.00,894.43,685.99,1000.00,500.00,1000.00,2236.07,1245.68,874.47,1166.19,948.68,1000.00,894.43,1617.21,806.23,1843.91,1084.65,2287.09,2236.07,1054.09,928.48,724.29,471.40,662.59,1135.29,1000.00,495.26,724.29,887.95,1000.00,1032.27,877.06,1050.45,1084.65,1236.69,1303.84,819.84,1308.26,1280.62,1282.36,1083.09,905.54,933.05,1200.00,1431.78,1083.09,1380.67,1351.88,1015.35,1000.00,1005.60,1000.00,1699.67,1143.54,1299.69,1000.00,1196.84,779.81,1166.19,1033.62,926.73,1096.68,1032.32
999.94,1004.14,998.62,995.64,1129.38,964.67,1106.58,1123.73,1386.75,854.36,1102.82,1000.00,1414.21,1000.00,794.21,1414.21,1176.70,727.61,1000.00,1140.18,1264.91,1897.37,620.17,1581.14,894.43,3000.00,2236.07,1509.23,1414.21,2000.00,2000.00,742.78,277.35,343.00,745.36,838.27,1885.62,1303.84,874.47,666.67,525.23,707.11,367.61,1000.00,1386.75,1245.68,721.11,1531.28,1000.00,894.43,666.67,1030.78,1414.21,1414.21,1054.09,2061.55,1386.75,632.46,745.36,1333.33,745.36,848.53,1189.38,1150.45,849.84,784.46,1000.00,840.77,1612.45,894.43,883.45,942.81,894.43,677.83,887.95,1096.68,744.35,1343.46,1380.67,905.54,1216.55,899.44,887.95,968.74,1380.67,986.14,1386.75,920.45,1028.99,1359.80,1442.22,1143.54,980.58,1174.44,1470.80,832.05,1079.07,1917.41,1184.84,957.88,1310.59
1000.00,1000.94,991.32,995.64,1000.00,964.67,1028.79,967.02,1162.48,971.29,1015.93,894.43,894.43,1280.62,819.84,2000.00,1341.64,727.61,1012.42,806.23,1264.91,1500.00,790.57,1581.14,1414.21,1500.00,2000.00,1431.78,877.06,632.46,485.07,1264.91,447.21,1000.00,1000.00,1126.18,929.98,1000.00,1000.00,698.43,784.46,inf,383.48,874.47,1386.75,1500.00,874.47,1414.21,662.59,698.43,666.67,1082.78,1274.75,1414.21,894.43,1531.28,1118.03,527.05,1212.68,1131.37,1054.09,848.53,1346.29,832.05,563.09,800.00,1000.00,1098.13,1274.75,894.43,1000.00,987.73,838.27,869.23,905.54,1308.26,887.95,1101.41,1104.54,905.54,1520.69,1325.18,1098.13,907.92,968.74,1029.56,1162.48,1000.00,948.68,1049.34,1414.21,977.27,1185.11,894.43,1116.72,677.63,1808.10,1038.07,1350.93,994.43,1350.93
999.94,1004.14,1007.44,995.64,1144.67,951.95,1000.00,1063.35,1060.00,928.48,1000.00,1000.00,1000.00,887.95,819.84,1084.65,1341.64,848.53,1000.00,901.39,2000.00,848.53,790.57,1118.03,2000.00,2121.32,3162.28,1280.62,3162.28,666.67,485.07,1109.40,447.21,632.46,877.06,923.29,1050.45,1303.84,1000.00,698.43,784.46,inf,263.52,874.47,1118.03,1060.66,669.53,1229.27,1000.00,2000.00,565.69,1303.84,1802.78,1303.84,1054.09,971.83,883.88,620.17,790.57,1131.37,500.00,750.00,1189.38,1000.00,419.14,1131.37,1000.00,1098.13,1201.85,877.06,1000.00,987.73,1126.18,800.94,819.84,1207.90,1000.00,1192.93,1339.45,905.54,933.05,1264.91,905.54,1025.54,1562.05,1277.02,1010.15,781.02,1118.03,1166.67,1019.80,1071.75,1317.62,1039.75,1085.25,832.05,1526.03,1178.51,1000.00,1054.75,1059.75
999.94,1000.94,992.67,995.64,1051.76,951.95,1124.76,1176.44,1000.00,1060.00,1000.00,485.07,894.43,905.54,744.35,1000.00,1341.64,750.00,954.52,1274.75,894.43,1500.00,790.57,620.17,2828.43,3000.00,1240.35,1280.62,1054.09,666.67,894.43,2529.82,316.23,1414.21,877.06,1074.97,2828.43,1082.78,1274.75,790.57,894.43,707.11,271.16,1236.69,1386.75,1500.00,618.35,1414.21,848.53,894.43,1414.21,2607.68,1236.69,1843.91,698.43,1457.74,1000.00,707.11,780.87,883.45,620.17,948.68,1000.00,1000.00,721.11,1131.37,1280.62,1280.62,1107.44,1118.03,701.65,987.73,894.43,677.83,1000.00,1096.68,819.84,933.05,1083.09,754.62,1192.93,1086.43,887.95,1219.76,1219.76,920.87,1240.35,907.92,1102.82,1049.34,849.84,921.95,1178.51,1145.20,1456.02,727.61,1205.40,1085.93,1173.61,916.31,2416.61
999.94,1000.94,1007.44,1014.82,1179.82,1052.58,983.58,1127.86,1054.09,971.29,1055.40,894.43,894.43,1000.00,694.52,877.06,1897.37,727.61,754.62,874.47,1264.91,3000.00,620.17,1000.00,1414.21,1060.66,1000.00,1431.78,877.06,666.67,2000.00,970.14,223.61,277.35,3162.28,1074.97,777.03,1843.91,806.23,1414.21,894.43,707.11,316.23,760.12,2500.00,1245.68,1612.45,1000.00,848.53,1084.65,632.46,1000.00,1414.21,1617.21,1000.00,1000.00,1666.67,1000.00,745.36,970.14,707.11,848.53,1493.58,921.44,721.11,1264.91,1000.00,1000.00,1425.22,809.78,883.45,1084.65,1236.69,910.64,1000.00,1308.26,905.54,1066.99,1104.54,1000.00,1520.69,1000.00,1280.62,968.74,847.14,1765.69,1084.65,1000.00,1214.66,1372.81,1185.50,1030.78,1308.56,1109.40,1136.96,858.90,1617.21,1038.07,793.29,1000.00,1080.74
999.94,1004.14,992.67,1000.00,1179.82,964.67,1086.84,1127.86,1170.41,894.43,930.26,554.70,1000.00,1000.00,640.31,4472.14,2121.32,1500.00,1098.13,849.84,1414.21,1176.70,790.57,1118.03,784.46,3000.00,1054.09,2024.85,1581.14,485.07,1414.21,970.14,353.55,632.46,1414.21,1274.75,894.43,1414.21,806.23,620.17,632.46,1000.00,447.21,1140.18,1386.75,1150.45,1000.00,1843.91,727.61,1240.35,485.07,1000.00,946.86,1303.84,1084.65,1649.24,1581.14,1414.21,693.38,970.14,471.40,750.00,1046.11,880.83,515.08,784.46,1098.13,1098.13,1201.85,987.73,883.45,745.36,1000.00,869.23,1131.92,1617.91,905.54,1066.99,1000.00,1000.00,1013.79,899.44,887.95,1000.00,1083.09,1318.22,1280.37,1000.00,1118.03,1227.88,1612.45,1000.00,1250.00,1333.33,1277.02,858.90,1018.13,1308.56,1059.75,916.31,1404.63


108.86,108.86,101.98,110.81,103.83,114.35,116.62,120.38,120.38,123.03,108.86,120.38,130.13,117.53,106.73,120.38,130.13,120.38,116.62,114.35,123.03,120.38,106.73,116.62,120.38,117.53,110.81,116.62,120.38,120.38,108.86,120.38,123.03,120.38,130.13,127.01,123.03,114.35,123.03,123.03
138.03,141.42,141.42,150.94,142.39,146.84,138.03,138.03,150.94,141.42,138.03,141.42,156.70,146.84,150.94,146.84,150.94,150.94,146.84,150.94,138.03,150.94,141.42,138.03,150.94,150.94,138.03,146.84,146.84,150.94,138.03,138.03,161.72,161.72,161.72,146.84,146.84,138.03,141.42,146.84
130.13,123.03,116.62,130.13,132.97,120.38,127.01,134.32,130.13,138.03,123.03,138.03,138.03,127.01,120.38,138.03,123.03,138.03,118.64,127.01,138.03,127.01,114.35,130.13,125.42,134.32,130.13,130.13,120.38,120.38,120.38,130.13,130.38,134.32,130.13,127.01,127.01,130.13,123.03,141.42
114.35,110.81,108.86,117.53,110.81,123.03,114.35,120.38,120.38,116.62,120.38,127.01,116.62,116.62,108.86,120.38,130.13,123.03,108.86,120.38,120.38,120.38,120.38,114.35,117.53,120.38,108.86,123.03,120.38,120.38,106.73,116.62,114.35,123.03,123.03,120.38,120.38,120.38,116.62,116.62
114.35,106.73,106.73,114.35,108.86,114.35,111.90,108.86,114.35,120.38,106.73,103.83,111.90,111.90,101.98,108.86,108.86,111.90,108.86,108.86,108.86,106.73,101.98,111.90,108.86,114.35,97.60,114.35,108.86,108.86,100.00,114.35,110.81,108.86,114.35,111.90,111.90,108.86,108.86,108.86


120.38,130.13,123.03,130.13,134.32,138.03,138.03,138.03,134.32,141.42,127.01,134.32,130.38,138.03,117.53,138.03,138.03,146.84,120.38,138.03,127.01,138.03,114.35,141.42,130.13,127.01,132.97,138.03,138.03,146.84,123.03,120.38,130.13,120.38,130.13,130.13,138.03,138.03,132.97,150.94
123.03,130.13,116.62,138.03,120.38,146.84,130.13,134.32,134.32,150.94,134.32,130.13,138.03,138.03,130.13,132.97,138.03,146.84,116.62,138.03,130.13,138.03,120.38,138.03,138.03,130.13,130.13,142.39,138.03,146.84,130.13,130.13,134.32,130.13,134.32,138.03,138.03,138.03,138.03,138.03
116.62,123.03,120.38,138.03,123.03,138.03,123.03,146.84,138.03,142.39,130.13,120.38,130.13,138.03,123.03,138.03,130.13,138.03,123.03,138.03,130.13,134.32,120.38,138.03,134.32,130.13,116.62,138.03,138.03,138.03,127.01,123.03,138.03,123.03,123.03,132.97,127.01,130.13,127.01,123.03
120.38,130.13,120.38,123.03,130.13,138.03,123.03,130.13,123.03,127.01,127.01,134.32,132.97,138.03,123.03,130.13,123.03,138.03,117.53,138.03,130.13,138.03,120.38,138.03,130.13,132.97,120.38,123.03,134.32,127.01,120.38,130.13,130.38,138.03,130.13,138.03,138.03,123.03,130.13,130.13
127.01,130.13,120.38,138.03,134.32,138.03,130.13,138.03,130.13,150.94,138.03,138.03,130.13,138.03,116.62,138.03,130.13,150.94,123.03,150.94,138.03,138.03,123.03,138.03,138.03,132.97,132.97,146.84,138.03,130.13,123.03,138.03,132.97,138.03,130.13,141.42,138.03,146.84,130.13,138.03


#alessandra
#f0=np.array([108.86,108.86,101.98,110.81,103.83,114.35,116.62,120.38,120.38,123.03,108.86,120.38,130.13,117.53,106.73,120.38,130.13,120.38,116.62,114.35,123.03,120.38,106.73,116.62,120.38,117.53,110.81,116.62,120.38,120.38,108.86,120.38,123.03,120.38,130.13,127.01,123.03,114.35,123.03,123.03])
#f1=np.array([138.03,141.42,141.42,150.94,142.39,146.84,138.03,138.03,150.94,141.42,138.03,141.42,156.70,146.84,150.94,146.84,150.94,150.94,146.84,150.94,138.03,150.94,141.42,138.03,150.94,150.94,138.03,146.84,146.84,150.94,138.03,138.03,161.72,161.72,161.72,146.84,146.84,138.03,141.42,146.84])
#f2=np.array([130.13,123.03,116.62,130.13,132.97,120.38,127.01,134.32,130.13,138.03,123.03,138.03,138.03,127.01,120.38,138.03,123.03,138.03,118.64,127.01,138.03,127.01,114.35,130.13,125.42,134.32,130.13,130.13,120.38,120.38,120.38,130.13,130.38,134.32,130.13,127.01,127.01,130.13,123.03,141.42])
#f3=np.array([114.35,110.81,108.86,117.53,110.81,123.03,114.35,120.38,120.38,116.62,120.38,127.01,116.62,116.62,108.86,120.38,130.13,123.03,108.86,120.38,120.38,120.38,120.38,114.35,117.53,120.38,108.86,123.03,120.38,120.38,106.73,116.62,114.35,123.03,123.03,120.38,120.38,120.38,116.62,116.62])
#f4=np.array([114.35,106.73,106.73,114.35,108.86,114.35,111.90,108.86,114.35,120.38,106.73,103.83,111.90,111.90,101.98,108.86,108.86,111.90,108.86,108.86,108.86,106.73,101.98,111.90,108.86,114.35,97.60,114.35,108.86,108.86,100.00,114.35,110.81,108.86,114.35,111.90,111.90,108.86,108.86,108.86])








