RFB=1k, calibrazione con saline 550ohm, f=100kHz
baseline adj:
575.36,567.39,575.36,601.46,550.00,550.00,601.46,601.46,550.00,601.46,601.46,550.00,550.00,601.46,601.46,550.00,601.46,550.00,550.00,550.00,506.09,550.00,601.46,550.00,601.46,550.00,550.00,529.83,601.46,550.00,550.00,550.00,550.00,506.09,550.00,550.00,550.00,601.46,550.00,550.00,
601.46,550.00,550.00,550.00,550.00,601.46,550.00,550.00,550.00,550.00,601.46,550.00,550.00,601.46,601.46,490.25,550.00,506.09,550.00,550.00,550.00,550.00,550.00,550.00,550.00,601.46,601.46,550.00,601.46,550.00,601.46,529.83,506.09,550.00,550.00,601.46,550.00,550.00,601.46,529.83
601.46,490.25,601.46,550.00,624.41,550.00,550.00,550.00,550.00,550.00,550.00,601.46,567.39,550.00,601.46,601.46,550.00,575.36,601.46,601.46,567.39,567.39,601.46,567.39,550.00,550.00,601.46,550.00,601.46,550.00,575.36,601.46,550.00,550.00,550.00,550.00,550.00,550.00,550.00,550.00
529.83,550.00,567.39,601.46,575.36,601.46,550.00,550.00,601.46,601.46,550.00,550.00,601.46,550.00,550.00,550.00,601.46,601.46,529.83,550.00,550.00,550.00,601.46,529.83,601.46,601.46,601.46,550.00,550.00,550.00,550.00,550.00,601.46,550.00,550.00,550.00,601.46,529.83,550.00,550.00
601.46,601.46,601.46,575.36,601.46,550.00,550.00,575.36,550.00,601.46,550.00,550.00,550.00,601.46,550.00,550.00,550.00,601.46,601.46,550.00,550.00,601.46,601.46,575.36,550.00,550.00,601.46,601.46,529.83,601.46,601.46,601.46,529.83,550.00,550.00,550.00,550.00,550.00,529.83,550.00

baseline opp:
550.00,601.46,601.46,601.46,550.00,550.00,601.46,601.46,550.00,550.00,601.46,601.46,601.46,506.09,550.00,550.00,601.46,550.00,550.00,550.00,550.00,550.00,550.00,550.00,550.00,601.46,550.00,601.46,550.00,550.00,550.00,550.00
601.46,550.00,601.46,601.46,575.36,550.00,550.00,506.09,601.46,550.00,601.46,529.83,490.25,550.00,550.00,601.46,550.00,550.00,601.46,601.46,550.00,601.46,550.00,550.00,550.00,601.46,550.00,550.00,550.00,529.83,529.83,506.09
550.00,601.46,550.00,601.46,601.46,550.00,601.46,529.83,601.46,550.00,624.41,575.36,550.00,506.09,550.00,550.00,550.00,550.00,550.00,601.46,550.00,550.00,550.00,550.00,550.00,601.46,550.00,550.00,601.46,550.00,550.00,529.83
601.46,550.00,529.83,550.00,550.00,601.46,550.00,550.00,550.00,550.00,550.00,550.00,506.09,550.00,550.00,550.00,601.46,550.00,601.46,550.00,550.00,624.41,550.00,550.00,601.46,601.46,550.00,550.00,601.46,550.00,529.83,550.00
601.46,550.00,550.00,601.46,601.46,601.46,550.00,550.00,550.00,601.46,601.46,550.00,601.46,550.00,601.46,550.00,550.00,575.36,601.46,550.00,550.00,550.00,550.00,601.46,567.39,550.00,550.00,601.46,550.00,550.00,529.83,506.09

baseline adj no pennarello:
565.38,672.79,605.75,622.56,622.56,605.75,605.75,651.72,605.75,651.72,605.75,651.72,651.72,651.72,605.75,605.75,672.79,578.97,605.75,586.95,605.75,605.75,605.75,565.38,605.75,651.72,605.75,605.75,605.75,651.72,651.72,565.38,586.95,651.72,651.72,605.75,605.75,605.75,605.75,605.75
605.75,586.95,651.72,605.75,605.75,586.95,605.75,565.38,622.56,605.75,605.75,407.74,605.75,605.75,622.56,628.48,605.75,586.95,586.95,550.00,605.75,550.00,605.75,586.95,550.00,651.72,605.75,605.75,586.95,605.75,605.75,605.75,605.75,605.75,651.72,605.75,605.75,628.48,605.75,605.75
550.00,517.01,565.38,487.44,487.44,487.44,517.01,487.44,475.73,450.91,450.91,450.91,450.91,487.44,565.38,651.72,605.75,605.75,605.75,605.75,651.72,672.79,622.56,605.75,605.75,605.75,628.48,605.75,622.56,622.56,651.72,651.72,605.75,605.75,622.56,586.95,651.72,605.75,622.56,651.72
565.38,517.01,550.00,487.44,651.72,605.75,651.72,651.72,622.56,605.75,605.75,586.95,605.75,651.72,622.56,651.72,605.75,605.75,605.75,605.75,651.72,651.72,605.75,622.56,605.75,651.72,651.72,605.75,651.72,605.75,622.56,605.75,605.75,605.75,605.75,651.72,605.75,622.56,605.75,622.56
622.56,651.72,651.72,605.75,622.56,651.72,651.72,628.48,651.72,605.75,605.75,503.10,622.56,622.56,704.34,651.72,651.72,586.95,605.75,605.75,622.56,605.75,605.75,605.75,605.75,605.75,651.72,605.75,628.48,622.56,605.75,651.72,651.72,622.56,605.75,605.75,605.75,605.75,651.72,651.72

f0=np.array([388.91,441.53,413.73,425.30,425.30,413.73,413.73,388.91,378.45,425.30,413.73,413.73,388.91,413.73,441.53,388.91,378.45,413.73,413.73,413.73,425.30,398.47,413.73,413.73,413.73,388.91,413.73,388.91,388.91,388.91,401.20,374.65,378.45,401.20,378.45,378.45,388.91,441.53,413.73,388.91])
f1=np.array([398.47,441.53,425.30,413.73,413.73,413.73,441.53,413.73,425.30,413.73,388.91,388.91,388.91,413.73,441.53,413.73,388.91,413.73,388.91,425.30,413.73,388.91,455.67,441.53,425.30,413.73,441.53,413.73,413.73,388.91,441.53,455.67,413.73,425.30,388.91,425.30,455.67,441.53,413.73,401.20])
f2=np.array([425.30,413.73,441.53,441.53,441.53,455.67,441.53,413.73,425.30,388.91,413.73,425.30,425.30,441.53,441.53,388.91,366.67,413.73,413.73,413.73,425.30,425.30,455.67,413.73,425.30,413.73,398.47,398.47,388.91,401.20,413.73,388.91,388.91,388.91,378.45,378.45,413.73,401.20,455.67,413.73])
f3=np.array([425.30,398.47,425.30,413.73,441.53,413.73,441.53,441.53,401.20,398.47,413.73,259.77,357.86,357.86,413.73,388.91,398.47,388.91,425.30,490.25,388.91,388.91,435.52,388.91,441.53,413.73,413.73,378.45,388.91,425.30,378.45,441.53,401.20,413.73,388.91,413.73,401.20,388.91,388.91,388.91])
f4=np.array([378.45,398.47,413.73,378.45,401.20,378.45,378.45,378.45,388.91,550.00,212.65,519.54,567.39,478.90,444.00,357.86,357.86,378.45,388.91,601.46,398.47,378.45,366.67,366.67,357.86,388.91,388.91,388.91,378.45,601.46,388.91,366.67,346.66,357.86,357.86,366.67,401.20,413.73,398.47,624.41])

baseline opp no pennarello
651.72,605.75,651.72,586.95,550.00,586.95,586.95,586.95,628.48,628.48,605.75,586.95,605.75,605.75,550.00,764.87,628.48,605.75,628.48,605.75,586.95,651.72,586.95,586.95,605.75,605.75,586.95,628.48,550.00,586.95,586.95,628.48,
605.75,628.48,651.72,651.72,605.75,605.75,586.95,628.48,605.75,586.95,605.75,605.75,586.95,628.48,586.95,704.34,628.48,586.95,651.72,605.75,605.75,605.75,517.01,586.95,605.75,605.75,628.48,605.75,550.00,605.75,586.95,628.48,
586.95,605.75,586.95,605.75,550.00,586.95,605.75,628.48,628.48,605.75,704.34,651.72,605.75,605.75,605.75,651.72,605.75,651.72,605.75,586.95,605.75,586.95,628.48,586.95,605.75,605.75,605.75,605.75,605.75,586.95,586.95,605.75,
586.95,605.75,651.72,605.75,586.95,586.95,651.72,628.48,628.48,651.72,628.48,605.75,651.72,565.38,566.84,731.16,565.38,586.95,586.95,605.75,651.72,550.00,550.00,586.95,605.75,628.48,550.00,651.72,605.75,533.35,586.95,603.97,
628.48,586.95,605.75,586.95,565.38,628.48,605.75,605.75,628.48,651.72,628.48,550.00,651.72,628.48,605.75,704.34,651.72,605.75,605.75,605.75,628.48,605.75,517.01,550.00,605.75,605.75,651.72,605.75,605.75,605.75,628.48,586.95,

baseline calibrazione=1kohm
920.87,951.83,920.87,951.83,951.83,882.84,852.07,920.87,920.87,951.83,1000.00,433.14,920.87,1000.00,1000.00,882.84,882.84,1000.00,1000.00,882.84,951.83,920.87,951.83,882.84,951.83,1000.00,1000.00,951.83,882.84,882.84,1000.00,951.83,920.87,882.84,882.84,882.84,920.87,882.84,1000.00,882.84
1151.09,1000.00,1000.00,920.87,1091.33,920.87,920.87,920.87,882.84,882.84,1000.00,560.01,882.84,1000.00,920.87,920.87,852.07,920.87,882.84,955.93,882.84,920.87,882.84,882.84,920.87,882.84,882.84,882.84,882.84,1000.00,920.87,1000.00,951.83,951.83,920.87,882.84,920.87,882.84,920.87,882.84
955.93,882.84,882.84,882.84,951.83,821.68,920.87,920.87,882.84,882.84,1045.36,560.01,882.84,882.84,1000.00,1000.00,920.87,920.87,951.83,882.84,843.45,1091.33,951.83,1000.00,1000.00,1000.00,951.83,1000.00,951.83,821.68,920.87,920.87,1000.00,920.87,882.84,882.84,852.07,951.83,951.83,920.87
882.84,951.83,920.87,882.84,1000.00,882.84,920.87,1000.00,920.87,1000.00,951.83,571.10,882.84,882.84,1000.00,920.87,882.84,882.84,951.83,951.83,1000.00,882.84,882.84,882.84,920.87,882.84,920.87,920.87,1000.00,951.83,951.83,882.84,882.84,882.84,951.83,951.83,1000.00,852.07,1000.00,882.84
1000.00,920.87,1000.00,1000.00,920.87,920.87,1000.00,920.87,1000.00,882.84,920.87,571.10,920.87,882.84,1000.00,882.84,920.87,920.87,920.87,951.83,882.84,920.87,1045.36,951.83,920.87,920.87,920.87,951.83,882.84,920.87,882.84,882.84,821.68,951.83,951.83,821.68,882.84,920.87,1000.00,1000.00

pennarello 
920.87,955.93,852.07,852.07,852.07,920.87,821.68,1000.00,920.87,920.87,920.87,581.02,821.68,852.07,882.84,920.87,920.87,920.87,920.87,920.87,920.87,920.87,821.68,882.84,852.07,920.87,920.87,852.07,852.07,882.84,920.87,920.87,852.07,920.87,882.84,920.87,920.87,821.68,920.87,882.84
951.83,882.84,1000.00,821.68,951.83,920.87,920.87,821.68,821.68,920.87,920.87,602.51,821.68,821.68,920.87,882.84,1000.00,882.84,920.87,920.87,882.84,882.84,920.87,920.87,852.07,852.07,882.84,852.07,882.84,920.87,920.87,821.68,852.07,920.87,821.68,852.07,882.84,955.93,920.87,882.84
852.07,920.87,852.07,882.84,920.87,879.62,882.84,882.84,882.84,920.87,882.84,651.15,674.49,852.07,852.07,882.84,920.87,920.87,920.87,821.68,852.07,882.84,920.87,821.68,882.84,821.68,920.87,882.84,920.87,920.87,1000.00,821.68,920.87,920.87,1000.00,882.84,882.84,920.87,920.87,882.84
920.87,920.87,920.87,920.87,882.84,920.87,882.84,920.87,882.84,920.87,852.07,651.15,882.84,920.87,920.87,882.84,920.87,882.84,852.07,1000.00,852.07,882.84,920.87,920.87,882.84,882.84,852.07,920.87,852.07,821.68,920.87,821.68,920.87,951.83,920.87,821.68,955.93,1000.00,920.87,882.84
821.68,789.64,920.87,821.68,852.07,821.68,843.45,767.39,789.64,789.64,821.68,832.35,821.68,821.68,821.68,821.68,852.07,821.68,882.84,697.31,821.68,821.68,852.07,741.10,767.39,882.84,821.68,821.68,843.45,843.45,791.97,821.68,821.68,920.87,821.68,741.10,821.68,821.68,821.68,821.68

calibration on the opposite sides 1kohm
baseline
1036.99,1000.00,1000.00,1036.99,963.84,933.93,933.93,1036.99,1074.44,933.93,1000.00,860.56,555.38,648.78,1000.00,933.93,1000.00,901.93,990.58,1272.23,1036.99,1036.99,1036.99,933.93,963.84,933.93,933.93,1000.00,1036.99,933.93,1036.99,933.93,963.84,1036.99,1036.99,1036.99,1036.99,963.84,1036.99,1000.00
963.84,1000.00,1120.71,963.84,961.00,1036.99,1000.00,1000.00,933.93,1272.23,933.93,990.58,860.56,807.13,455.41,1036.99,1070.51,963.84,963.84,1328.17,1000.00,933.93,1036.99,1000.00,963.84,933.93,1000.00,963.84,933.93,933.93,1000.00,1000.00,963.84,1036.99,1000.00,963.84,933.93,933.93,1000.00,875.13
1036.99,1036.99,1000.00,933.93,1036.99,1120.71,1000.00,1000.00,1000.00,1400.89,933.93,939.16,807.13,759.74,443.83,933.93,1036.99,1000.00,1036.99,1272.23,1036.99,1036.99,1036.99,1000.00,1000.00,1000.00,1000.00,963.84,961.00,1036.99,933.93,961.00,963.84,933.93,1000.00,1120.71,1036.99,963.84,1000.00,875.13
901.93,848.64,933.93,875.13,842.86,848.64,800.51,822.63,875.13,875.13,822.63,1163.38,1012.99,455.41,426.03,848.64,800.51,848.64,899.60,1272.23,848.64,822.63,842.86,848.64,800.51,848.64,848.64,756.96,899.60,899.60,875.13,875.13,800.51,933.93,933.93,933.93,899.60,822.63,800.51,848.64
875.13,933.93,933.93,933.93,933.93,875.13,961.00,875.13,933.93,933.93,963.84,1228.66,860.56,580.44,477.35,933.93,875.13,875.13,933.93,1400.89,933.93,933.93,1000.00,963.84,933.93,963.84,933.93,963.84,963.84,875.13,1000.00,1036.99,933.93,933.93,875.13,963.84,933.93,899.60,933.93,822.63


#pennarello dritto bicchiere plastica calibration 1000 ohm
f0=np.array([1000.00,914.44,1000.00,943.35,1000.00,914.44,880.91,1000.00,914.44,956.61,1000.00,914.44,1000.00,1000.00,914.44,1000.00,1000.00,914.44,1000.00,1000.00,914.44,1000.00,914.44,1000.00,1000.00,914.44,1000.00,943.35,1000.00,914.44,1000.00,1000.00,1000.00,1000.00,1000.00,1000.00,1101.14,1000.00,956.61,914.44])
f1=np.array([914.44,914.44,914.44,914.44,1000.00,914.44,1000.00,914.44,1000.00,914.44,914.44,1000.00,1038.16,914.44,914.44,914.44,1000.00,914.44,841.44,841.44,1000.00,1000.00,1000.00,914.44,880.91,914.44,914.44,914.44,914.44,914.44,1000.00,914.44,914.44,1000.00,1000.00,880.91,914.44,914.44,914.44,1000.00])

pennarello dritto decentrato
f1=np.array([1000.00,914.44,1000.00,914.44,1000.00,914.44,914.44,1000.00,1000.00,841.44,914.44,914.44,1000.00,914.44,914.44,1000.00,914.44,1000.00,880.91,841.44,914.44,914.44,914.44,880.91,914.44,1000.00,914.44,914.44,914.44,1000.00,1000.00,1038.16,880.91,1038.16,1000.00,1000.00,914.44,1000.00,1000.00,1038.16])

914.44,914.44,880.91,1000.00,1000.00,880.91,1000.00,1000.00,914.44,914.44,1000.00,1000.00,1000.00,914.44,1000.00,914.44,1000.00,914.44,1000.00,914.44,1000.00,914.44,880.91,914.44,914.44,1000.00,914.44,1000.00,1038.16,914.44,914.44,1000.00,1000.00,1000.00,914.44,1000.00,1000.00,914.44,914.44,1000.00





